,MTBV,MV,P,PE,PTBV,VA,VO
1990-01-01,,,,,,,
1990-01-08,,,,,,,
1990-01-15,,,,,,,
1990-01-22,,,,,,,
1990-01-29,,,,,,,
1990-02-05,,,,,,,
1990-02-12,,,,,,,
1990-02-19,,,,,,,
1990-02-26,,,,,,,
1990-03-05,,,,,,,
1990-03-12,,,,,,,
1990-03-19,,,,,,,
1990-03-26,,,,,,,
1990-04-02,,,,,,,
1990-04-09,,,,,,,
1990-04-16,,,,,,,
1990-04-23,,,,,,,
1990-04-30,,,,,,,
1990-05-07,,,,,,,
1990-05-14,,,,,,,
1990-05-21,,,,,,,
1990-05-28,,,,,,,
1990-06-04,,,,,,,
1990-06-11,,,,,,,
1990-06-18,,,,,,,
1990-06-25,,,,,,,
1990-07-02,,,,,,,
1990-07-09,,,,,,,
1990-07-16,,,,,,,
1990-07-23,,,,,,,
1990-07-30,,,,,,,
1990-08-06,,,,,,,
1990-08-13,,,,,,,
1990-08-20,,,,,,,
1990-08-27,,,,,,,
1990-09-03,,,,,,,
1990-09-10,,,,,,,
1990-09-17,,,,,,,
1990-09-24,,,,,,,
1990-10-01,,,,,,,
1990-10-08,,,,,,,
1990-10-15,,,,,,,
1990-10-22,,,,,,,
1990-10-29,,,,,,,
1990-11-05,,,,,,,
1990-11-12,,,,,,,
1990-11-19,,,,,,,
1990-11-26,,,,,,,
1990-12-03,,,,,,,
1990-12-10,,,,,,,
1990-12-17,,,,,,,
1990-12-24,,,,,,,
1990-12-31,,,,,,,
1991-01-07,,,,,,,
1991-01-14,,,,,,,
1991-01-21,,,,,,,
1991-01-28,,,,,,,
1991-02-04,,,,,,,
1991-02-11,,,,,,,
1991-02-18,,,,,,,
1991-02-25,,,,,,,
1991-03-04,,,,,,,
1991-03-11,,,,,,,
1991-03-18,,,,,,,
1991-03-25,,,,,,,
1991-04-01,,,,,,,
1991-04-08,,,,,,,
1991-04-15,,,,,,,
1991-04-22,,,,,,,
1991-04-29,,,,,,,
1991-05-06,,,,,,,
1991-05-13,,,,,,,
1991-05-20,,,,,,,
1991-05-27,,,,,,,
1991-06-03,,,,,,,
1991-06-10,,,,,,,
1991-06-17,,,,,,,
1991-06-24,,,,,,,
1991-07-01,,,,,,,
1991-07-08,,,,,,,
1991-07-15,,,,,,,
1991-07-22,,,,,,,
1991-07-29,,,,,,,
1991-08-05,,,,,,,
1991-08-12,,,,,,,
1991-08-19,,,,,,,
1991-08-26,,,,,,,
1991-09-02,,,,,,,
1991-09-09,,,,,,,
1991-09-16,,,,,,,
1991-09-23,,,,,,,
1991-09-30,,,,,,,
1991-10-07,,,,,,,
1991-10-14,,,,,,,
1991-10-21,,,,,,,
1991-10-28,,,,,,,
1991-11-04,,,,,,,
1991-11-11,,,,,,,
1991-11-18,,,,,,,
1991-11-25,,,,,,,
1991-12-02,,,,,,,
1991-12-09,,,,,,,
1991-12-16,,,,,,,
1991-12-23,,,,,,,
1991-12-30,,,,,,,
1992-01-06,,,,,,,
1992-01-13,,,,,,,
1992-01-20,,,,,,,
1992-01-27,,,,,,,
1992-02-03,,,,,,,
1992-02-10,,,,,,,
1992-02-17,,,,,,,
1992-02-24,,,,,,,
1992-03-02,,,,,,,
1992-03-09,,,,,,,
1992-03-16,,,,,,,
1992-03-23,,,,,,,
1992-03-30,,,,,,,
1992-04-06,,,,,,,
1992-04-13,,,,,,,
1992-04-20,,,,,,,
1992-04-27,,,,,,,
1992-05-04,,,,,,,
1992-05-11,,,,,,,
1992-05-18,,,,,,,
1992-05-25,,,,,,,
1992-06-01,,,,,,,
1992-06-08,,,,,,,
1992-06-15,,,,,,,
1992-06-22,,,,,,,
1992-06-29,,,,,,,
1992-07-06,,,,,,,
1992-07-13,,,,,,,
1992-07-20,,,,,,,
1992-07-27,,,,,,,
1992-08-03,,,,,,,
1992-08-10,,,,,,,
1992-08-17,,,,,,,
1992-08-24,,,,,,,
1992-08-31,,,,,,,
1992-09-07,,,,,,,
1992-09-14,,,,,,,
1992-09-21,,,,,,,
1992-09-28,,,,,,,
1992-10-05,,,,,,,
1992-10-12,,,,,,,
1992-10-19,,,,,,,
1992-10-26,,,,,,,
1992-11-02,,,,,,,
1992-11-09,,,,,,,
1992-11-16,,,,,,,
1992-11-23,,,,,,,
1992-11-30,,,,,,,
1992-12-07,,,,,,,
1992-12-14,,,,,,,
1992-12-21,,,,,,,
1992-12-28,,,,,,,
1993-01-04,,,,,,,
1993-01-11,,,,,,,
1993-01-18,,,,,,,
1993-01-25,,,,,,,
1993-02-01,,,,,,,
1993-02-08,,,,,,,
1993-02-15,,,,,,,
1993-02-22,,,,,,,
1993-03-01,,,,,,,
1993-03-08,,,,,,,
1993-03-15,,,,,,,
1993-03-22,,,,,,,
1993-03-29,,,,,,,
1993-04-05,,,,,,,
1993-04-12,,,,,,,
1993-04-19,,,,,,,
1993-04-26,,,,,,,
1993-05-03,,,,,,,
1993-05-10,,,,,,,
1993-05-17,,,,,,,
1993-05-24,,,,,,,
1993-05-31,,,,,,,
1993-06-07,,,,,,,
1993-06-14,,,,,,,
1993-06-21,,,,,,,
1993-06-28,,,,,,,
1993-07-05,,,,,,,
1993-07-12,,,,,,,
1993-07-19,,,,,,,
1993-07-26,,,,,,,
1993-08-02,,,,,,,
1993-08-09,,,,,,,
1993-08-16,,,,,,,
1993-08-23,,,,,,,
1993-08-30,,,,,,,
1993-09-06,,,,,,,
1993-09-13,,,,,,,
1993-09-20,,,,,,,
1993-09-27,,,,,,,
1993-10-04,,,,,,,
1993-10-11,,,,,,,
1993-10-18,,,,,,,
1993-10-25,,,,,,,
1993-11-01,,,,,,,
1993-11-08,,,,,,,
1993-11-15,,,,,,,
1993-11-22,,,,,,,
1993-11-29,,,,,,,
1993-12-06,,,,,,,
1993-12-13,,,,,,,
1993-12-20,,,,,,,
1993-12-27,,,,,,,
1994-01-03,,,,,,,
1994-01-10,,,,,,,
1994-01-17,,,,,,,
1994-01-24,,,,,,,
1994-01-31,,,,,,,
1994-02-07,,,,,,,
1994-02-14,,,,,,,
1994-02-21,,,,,,,
1994-02-28,,,,,,,
1994-03-07,,,,,,,
1994-03-14,,,,,,,
1994-03-21,,,,,,,
1994-03-28,,,,,,,
1994-04-04,,,,,,,
1994-04-11,,,,,,,
1994-04-18,,,,,,,
1994-04-25,,,,,,,
1994-05-02,,,,,,,
1994-05-09,,,,,,,
1994-05-16,,,,,,,
1994-05-23,,,,,,,
1994-05-30,,,,,,,
1994-06-06,,,,,,,
1994-06-13,,,,,,,
1994-06-20,,,,,,,
1994-06-27,,,,,,,
1994-07-04,,,,,,,
1994-07-11,,,,,,,
1994-07-18,,,,,,,
1994-07-25,,,,,,,
1994-08-01,,,,,,,
1994-08-08,,,,,,,
1994-08-15,,,,,,,
1994-08-22,,,,,,,
1994-08-29,,,,,,,
1994-09-05,,,,,,,
1994-09-12,,,,,,,
1994-09-19,,,,,,,
1994-09-26,,,,,,,
1994-10-03,,,,,,,
1994-10-10,,,,,,,
1994-10-17,,,,,,,
1994-10-24,,,,,,,
1994-10-31,,,,,,,
1994-11-07,,,,,,,
1994-11-14,,,,,,,
1994-11-21,,,,,,,
1994-11-28,,,,,,,
1994-12-05,,,,,,,
1994-12-12,,,,,,,
1994-12-19,,,,,,,
1994-12-26,,,,,,,
1995-01-02,,,,,,,
1995-01-09,,,,,,,
1995-01-16,,,,,,,
1995-01-23,,,,,,,
1995-01-30,,,,,,,
1995-02-06,,,,,,,
1995-02-13,,,,,,,
1995-02-20,,,,,,,
1995-02-27,,,,,,,
1995-03-06,,,,,,,
1995-03-13,,,,,,,
1995-03-20,,,,,,,
1995-03-27,,,,,,,
1995-04-03,,,,,,,
1995-04-10,,,,,,,
1995-04-17,,,,,,,
1995-04-24,,,,,,,
1995-05-01,,,,,,,
1995-05-08,,,,,,,
1995-05-15,,,,,,,
1995-05-22,,,,,,,
1995-05-29,,,,,,,
1995-06-05,,,,,,,
1995-06-12,,,,,,,
1995-06-19,,,,,,,
1995-06-26,,,,,,,
1995-07-03,,,,,,,
1995-07-10,,,,,,,
1995-07-17,,,,,,,
1995-07-24,,,,,,,
1995-07-31,,,,,,,
1995-08-07,,,,,,,
1995-08-14,,,,,,,
1995-08-21,,,,,,,
1995-08-28,,,,,,,
1995-09-04,,,,,,,
1995-09-11,,,,,,,
1995-09-18,,,,,,,
1995-09-25,,,,,,,
1995-10-02,,,,,,,
1995-10-09,,,,,,,
1995-10-16,,,,,,,
1995-10-23,,,,,,,
1995-10-30,,,,,,,
1995-11-06,,,,,,,
1995-11-13,,,,,,,
1995-11-20,,,,,,,
1995-11-27,,,,,,,
1995-12-04,,,,,,,
1995-12-11,,,,,,,
1995-12-18,,,,,,,
1995-12-25,,,,,,,
1996-01-01,,,,,,,
1996-01-08,,,,,,,
1996-01-15,,,,,,,
1996-01-22,,,,,,,
1996-01-29,,,,,,,
1996-02-05,,,,,,,
1996-02-12,,,,,,,
1996-02-19,,,,,,,
1996-02-26,,,,,,,
1996-03-04,,,,,,,
1996-03-11,,,,,,,
1996-03-18,,,,,,,
1996-03-25,,,,,,,
1996-04-01,,,,,,,
1996-04-08,,,,,,,
1996-04-15,,,,,,,
1996-04-22,,,,,,,
1996-04-29,,,,,,,
1996-05-06,,,,,,,
1996-05-13,,,,,,,
1996-05-20,,,,,,,
1996-05-27,,,,,,,
1996-06-03,,,,,,,
1996-06-10,,,,,,,
1996-06-17,,,,,,,
1996-06-24,,,,,,,
1996-07-01,,,,,,,
1996-07-08,,,,,,,
1996-07-15,,,,,,,
1996-07-22,,,,,,,
1996-07-29,,,,,,,
1996-08-05,,,,,,,
1996-08-12,,,,,,,
1996-08-19,,,,,,,
1996-08-26,,,,,,,
1996-09-02,,,,,,,
1996-09-09,,,,,,,
1996-09-16,,,,,,,
1996-09-23,,,,,,,
1996-09-30,,,,,,,
1996-10-07,,,,,,,
1996-10-14,,,,,,,
1996-10-21,,,,,,,
1996-10-28,,,,,,,
1996-11-04,,,,,,,
1996-11-11,,,,,,,
1996-11-18,,,,,,,
1996-11-25,,,,,,,
1996-12-02,,,,,,,
1996-12-09,,,,,,,
1996-12-16,,,,,,,
1996-12-23,,,,,,,
1996-12-30,,,,,,,
1997-01-06,,,,,,,
1997-01-13,,,,,,,
1997-01-20,,,,,,,
1997-01-27,,,,,,,
1997-02-03,,2931.68,10.62,,,,7239.1
1997-02-10,,2931.68,10.62,,,,
1997-02-17,,2941.72,10.65,,,,947.3
1997-02-24,,2660.6,9.64,,,,4092.7
1997-03-03,,2911.6,10.55,,,,4621.5
1997-03-10,,2853.87,10.34,,,,3482.2
1997-03-17,,2914.11,10.55,,,,4759.9
1997-03-24,,3348.34,12.13,,,,14728.9
1997-03-31,,3375.95,12.23,,,,9282.3
1997-04-07,,3162.6,11.45,,,,3107.1
1997-04-14,,3175.15,11.5,,,,2603.2
1997-04-21,,3099.85,11.23,,,,2075.5
1997-04-28,,2776.06,10.05,,,,3176.4
1997-05-05,,2871.44,10.4,,,,1492.3
1997-05-12,,3082.28,11.16,,,,4402.9
1997-05-19,,2710.8,9.82,,,,1632.5
1997-05-26,,2253.98,8.16,,,,986.1
1997-06-02,,2422.15,8.77,,,,976.8
1997-06-09,,2188.72,7.93,,,,1149.8
1997-06-16,,2216.33,8.03,,,,1237.4
1997-06-23,,2125.97,7.7,,,,958.9
1997-06-30,,2098.36,7.6,,,,1304.8
1997-07-07,,1882.5,6.82,,,,1009.8
1997-07-14,,1905.09,6.9,,,,876.3
1997-07-21,,1970.35,7.14,,,,1441.5
1997-07-28,,1942.74,7.04,,,,1134.2
1997-08-04,,2186.21,7.92,,,,1881.5
1997-08-11,,2098.36,7.6,,,,1792.9
1997-08-18,,1952.78,7.07,,,,862.4
1997-08-25,,1867.44,6.76,,,,781.0
1997-09-01,,1982.9,7.18,,,,2037.8
1997-09-08,,2259.0,8.18,,,,3627.7
1997-09-15,,1927.68,6.98,,,,1985.9
1997-09-22,,1857.4,6.73,,,,533.5
1997-09-29,,1739.43,6.3,36.5,,,978.1
1997-10-06,,1777.08,6.44,37.3,,,139.2
1997-10-13,,1809.71,6.55,37.9,,,449.5
1997-10-20,,1945.25,7.05,40.8,,,1070.1
1997-10-27,,1992.94,7.22,41.8,,,1679.9
1997-11-03,,1900.07,6.88,39.8,,,1205.9
1997-11-10,,1972.86,7.15,41.4,,,1806.1
1997-11-17,,2025.57,7.34,42.5,,,3491.8
1997-11-24,,1869.95,6.77,39.2,,,833.9
1997-12-01,,1890.03,6.85,39.6,,,696.7
1997-12-08,,1857.4,6.73,38.9,,,980.8
1997-12-15,,1847.36,6.69,38.7,,,707.2
1997-12-22,,1759.51,6.37,36.9,,,710.6
1997-12-29,,1897.56,6.87,39.8,,,918.8
1998-01-05,,1862.42,6.75,39.1,,,626.7
1998-01-12,,1940.23,7.03,40.7,,,1712.0
1998-01-19,,1905.09,6.9,39.9,,,1930.9
1998-01-26,,1905.09,6.9,39.9,,,451.5
1998-02-02,,1905.09,6.9,39.9,,,
1998-02-09,,1945.25,7.05,40.8,,,156.4
1998-02-16,,2023.06,7.33,42.4,,,1110.9
1998-02-23,,1992.94,7.22,41.8,,,1619.9
1998-03-02,,1925.17,6.97,40.4,,,744.9
1998-03-09,,1930.19,6.99,40.5,,,547.1
1998-03-16,,1897.56,6.87,39.8,,,582.6
1998-03-23,,1864.93,6.75,39.1,,,431.1
1998-03-30,,1962.82,7.11,41.2,,,724.2
1998-04-06,,2296.65,8.32,48.2,,,6322.7
1998-04-13,,2120.95,7.68,44.5,,,2661.0
1998-04-20,,2146.05,7.77,45.0,,,1728.0
1998-04-27,,2040.63,7.39,42.8,,,1591.5
1998-05-04,,2040.63,7.39,42.8,,,1268.7
1998-05-11,,2454.78,8.89,,,,3318.2
1998-05-18,,2304.18,8.35,,,,4930.5
1998-05-25,,2499.96,9.05,124.5,,,1936.6
1998-06-01,,2499.96,9.05,124.5,,,2079.5
1998-06-08,,2648.05,9.59,131.9,,,4246.3
1998-06-15,,2374.46,8.6,118.3,,,1104.3
1998-06-22,,2517.53,9.12,125.4,,,668.5
1998-06-29,,2299.16,8.33,114.5,,,590.6
1998-07-06,,2271.55,8.23,113.1,,,488.8
1998-07-13,,2316.73,8.39,115.4,,,915.3
1998-07-20,,2085.81,7.55,103.9,,,751.4
1998-07-27,,2148.56,7.78,107.0,,,668.1
1998-08-03,,2153.58,7.8,107.2,,,679.7
1998-08-10,,2015.53,7.3,100.4,,,566.0
1998-08-17,,1808.45,6.55,90.1,,,466.2
1998-08-24,,1960.31,7.1,97.6,,,666.2
1998-08-31,,1954.79,7.08,97.3,,,842.6
1998-09-07,,2018.29,7.31,,,,957.2
1998-09-14,,2551.16,9.24,462.0,,,4995.8
1998-09-21,,2556.69,9.26,463.0,,,6019.8
1998-09-28,,2515.27,9.11,455.5,,,2412.7
1998-10-05,,2484.9,9.0,450.0,,,643.6
1998-10-12,,2581.53,9.35,467.5,,,1625.2
1998-10-19,,2672.65,9.68,484.0,,,2428.1
1998-10-26,,2537.36,9.19,459.5,,,2065.8
1998-11-02,,2857.63,10.35,517.5,,,9540.9
1998-11-09,,2868.68,10.39,519.5,,,4030.8
1998-11-16,,3144.78,11.39,569.5,,,7822.1
1998-11-23,,2990.16,10.83,541.5,,,3597.9
1998-11-30,,2813.46,10.19,509.5,,,1470.3
1998-12-07,,2545.64,9.22,461.0,,,837.9
1998-12-14,,2587.06,9.37,468.5,,,1879.2
1998-12-21,,2313.72,8.38,419.0,,,1206.5
1998-12-28,,2388.26,8.65,432.5,,,1045.2
1999-01-04,7.32,2219.84,8.04,402.0,7.32,,531.7
1999-01-11,8.19,2484.9,9.0,450.0,8.19,,1719.5
1999-01-18,7.09,2150.82,7.79,389.5,7.09,,2038.2
1999-01-25,7.16,2172.91,7.87,393.5,7.16,,1337.8
1999-02-01,7.38,2239.17,8.11,405.5,7.38,,1117.5
1999-02-08,6.83,2073.51,7.51,375.5,6.83,,641.9
1999-02-15,6.95,2109.4,7.64,382.0,6.95,,131.9
1999-02-22,6.95,2109.4,7.64,382.0,6.95,,
1999-03-01,7.19,2181.19,7.9,395.0,7.19,,147.4
1999-03-08,8.02,2432.44,8.81,440.5,8.02,,3086.3
1999-03-15,8.08,2451.77,8.88,444.0,8.08,,2434.9
1999-03-22,7.84,2379.98,8.62,431.0,7.84,,1601.9
1999-03-29,8.25,2504.23,9.07,453.5,8.25,,1449.5
1999-04-05,8.42,2553.92,9.25,462.5,8.42,,2378.7
1999-04-12,7.64,2319.24,8.4,420.0,7.64,,2170.0
1999-04-19,7.4,2244.69,8.13,406.5,7.4,,1092.7
1999-04-26,7.24,2197.76,7.96,398.0,7.24,,910.8
1999-05-03,7.02,2128.73,7.71,385.5,7.02,,479.3
1999-05-10,6.35,1927.18,6.98,349.0,6.35,,1233.9
1999-05-17,5.72,1733.91,6.28,,5.72,,937.6
1999-05-24,6.72,2037.62,7.38,,6.72,,2173.0
1999-05-31,6.14,1863.67,6.75,,6.14,,3299.2
1999-06-07,6.19,1877.48,6.8,,6.19,,2131.2
1999-06-14,6.96,2112.16,7.65,,6.96,,2615.5
1999-06-21,6.57,1993.44,7.22,,6.57,,4244.0
1999-06-28,6.76,2051.42,7.43,,6.76,,5619.0
1999-07-05,7.15,2170.15,7.86,,7.15,,5322.6
1999-07-12,7.25,2200.52,7.97,,7.25,,4455.2
1999-07-19,6.97,2114.93,7.66,,6.97,,4015.7
1999-07-26,6.85,2079.03,7.53,,6.85,,2687.8
1999-08-02,7.19,2181.19,7.9,,7.19,,2087.5
1999-08-09,7.26,2203.28,7.98,,7.26,,3861.2
1999-08-16,7.41,2247.45,8.14,,7.41,,3500.2
1999-08-23,7.82,2371.7,8.59,,7.82,,4885.6
1999-08-30,7.35,2230.89,8.08,,7.35,,2486.7
1999-09-06,7.23,2194.99,7.95,,7.23,,1248.9
1999-09-13,7.45,2261.26,8.19,,7.45,,1700.4
1999-09-20,7.48,2269.54,8.22,,7.48,,2499.1
1999-09-27,7.29,2211.56,8.01,,7.29,,843.2
1999-10-04,7.23,2194.99,7.95,,7.23,,539.1
1999-10-11,6.94,2106.64,7.63,,6.94,,240.6
1999-10-18,6.9,2092.84,7.58,,6.9,,622.1
1999-10-25,7.26,2203.28,7.98,,7.26,,2140.6
1999-11-01,7.01,2125.97,7.7,,7.01,,1324.3
1999-11-08,7.01,2125.97,7.7,,7.01,,506.5
1999-11-15,6.88,2087.32,7.56,,6.88,,407.6
1999-11-22,7.1,2153.58,7.8,,7.1,,699.1
1999-11-29,6.83,2073.51,7.51,,6.83,,359.6
1999-12-06,7.13,2161.86,7.83,,7.13,,644.8
1999-12-13,7.17,2175.67,7.88,,7.17,,473.5
1999-12-20,7.2,2183.95,7.91,,7.2,,1531.5
1999-12-27,6.34,1924.42,6.97,,6.34,,2233.6
2000-01-03,25.63,2021.05,7.32,,25.63,,540.8
2000-01-10,27.21,2145.3,7.77,,27.21,,1638.3
2000-01-17,25.25,1990.68,7.21,,25.25,,1116.2
2000-01-24,21.82,1720.1,6.23,,21.82,,6367.2
2000-01-31,20.84,1642.79,5.95,,20.84,,9161.0
2000-02-07,20.84,1642.79,5.95,,20.84,,
2000-02-14,21.71,1711.82,6.2,,21.71,,1911.4
2000-02-21,22.31,1758.76,6.37,,22.31,,9739.3
2000-02-28,22.06,1739.43,6.3,,22.06,,7178.5
2000-03-06,24.41,1924.42,6.97,,24.41,,10664.4
2000-03-13,23.04,1816.74,6.58,,23.04,,5880.5
2000-03-20,23.36,1841.59,6.67,,23.36,,3868.3
2000-03-27,26.69,2103.88,7.62,,26.69,,12380.1
2000-04-03,26.58,2095.6,7.59,,26.58,,9858.3
2000-04-10,25.95,2045.9,7.41,,25.95,,5104.6
2000-04-17,27.53,2170.15,7.86,,27.53,,8250.3
2000-04-24,26.27,2070.75,7.5,,26.27,,9584.3
2000-05-01,25.0,1971.35,7.14,,25.0,,3849.1
2000-05-08,24.2,1907.85,6.91,,24.2,,899.1
2000-05-15,21.96,1731.15,6.27,,21.96,,3126.8
2000-05-22,23.88,1883.0,6.82,,23.88,,2137.8
2000-05-29,24.41,1924.42,6.97,,24.41,,4543.9
2000-06-05,25.53,2012.77,7.29,,25.53,,4283.9
2000-06-12,26.51,2090.08,7.57,,26.51,,5697.2
2000-06-19,25.81,2034.86,7.37,,25.81,,9863.1
2000-06-26,24.93,1965.83,7.12,,24.93,,5032.5
2000-07-03,24.55,1935.46,7.01,,24.55,,3149.7
2000-07-10,23.78,1874.72,6.79,,23.78,,2701.5
2000-07-17,25.04,1974.11,7.15,,25.04,,2623.6
2000-07-24,26.48,2087.32,7.56,,26.48,,3910.3
2000-07-31,28.93,2280.59,8.26,,28.93,,13069.9
2000-08-07,30.99,2443.48,8.85,,30.99,,14677.1
2000-08-14,30.08,2371.7,8.59,,30.08,,11570.3
2000-08-21,31.13,2454.53,8.89,,31.13,,6564.2
2000-08-28,34.21,2697.49,9.77,,34.21,,9955.1
2000-09-04,33.2,2617.43,9.48,,33.2,,18162.8
2000-09-11,32.78,2584.3,9.36,,32.78,,7135.7
2000-09-18,32.85,2589.82,9.38,,32.85,,5918.9
2000-09-25,30.29,2388.26,8.65,,30.29,,3835.4
2000-10-02,30.82,2429.68,8.8,,30.82,,2029.2
2000-10-09,32.36,2551.16,9.24,,32.36,,981.7
2000-10-16,34.63,2730.63,9.89,,34.63,,11756.5
2000-10-23,32.99,2600.86,9.42,,32.99,,8314.9
2000-10-30,33.06,2606.38,9.44,,33.06,,3955.4
2000-11-06,30.96,2440.72,8.84,,30.96,,4185.1
2000-11-13,31.69,2498.7,9.05,,31.69,,3960.1
2000-11-20,33.13,2611.91,9.46,,33.13,,4752.9
2000-11-27,31.1,2451.77,8.88,,31.1,,4143.3
2000-12-04,33.44,2636.75,9.55,,33.44,,4890.8
2000-12-11,35.13,2769.28,10.03,,35.13,,10308.3
2000-12-18,36.07,2843.83,10.3,,36.07,,17772.9
2000-12-25,35.44,2794.13,10.12,,35.44,,5250.0
2001-01-01,460.57,2567.73,9.3,,460.62,,6172.3
2001-01-08,430.36,2399.31,8.69,,430.41,,6138.7
2001-01-15,418.48,2333.04,8.45,,418.52,,4175.6
2001-01-22,409.56,2283.35,8.27,,409.61,,1884.9
2001-01-29,409.56,2283.35,8.27,,409.61,,
2001-02-05,404.12,2252.98,8.16,,404.16,,236.4
2001-02-12,371.43,2070.75,7.5,,371.47,,3564.3
2001-02-19,356.57,1987.92,7.2,,356.61,,2407.6
2001-02-26,303.09,1689.73,6.12,,303.12,,4534.8
2001-03-05,335.28,1869.2,6.77,,335.31,,5845.1
2001-03-12,353.11,1968.59,7.13,,353.15,,7043.8
2001-03-19,363.01,2023.81,7.33,,363.05,,4249.4
2001-03-26,355.58,1982.4,7.18,,355.62,,5192.8
2001-04-02,374.9,2090.08,7.57,,374.94,,5358.9
2001-04-09,383.32,2137.01,7.74,,383.36,,4855.0
2001-04-16,366.48,2043.14,7.4,,366.52,,10347.1
2001-04-23,361.03,2012.77,7.29,,361.07,,3109.0
2001-04-30,356.57,1987.92,7.2,,356.61,,704.5
2001-05-07,356.57,1987.92,7.2,,356.61,,
2001-05-14,356.57,1987.92,7.2,,356.61,,1695.0
2001-05-21,374.4,2087.32,7.56,,374.44,,3336.8
2001-05-28,393.22,2192.23,7.94,,393.26,,3963.8
2001-06-04,413.03,2302.67,8.34,,413.08,,2896.6
2001-06-11,413.03,2302.67,8.34,,413.08,,
2001-06-18,413.03,2302.67,8.34,,413.08,,
2001-06-25,413.03,2302.67,8.34,,413.08,,
2001-07-02,413.03,2302.67,8.34,,413.08,,
2001-07-09,413.03,2302.67,8.34,,413.08,,
2001-07-16,413.03,2302.67,8.34,,413.08,,
2001-07-23,413.03,2302.67,8.34,,413.08,,
2001-07-30,413.03,2302.67,8.34,,413.08,,
2001-08-06,413.03,2302.67,8.34,,413.08,,
2001-08-13,413.03,2302.67,8.34,,413.08,,
2001-08-20,413.03,2302.67,8.34,,413.08,,
2001-08-27,413.03,2302.67,8.34,,413.08,,
2001-09-03,413.03,2302.67,8.34,,413.08,,
2001-09-10,413.03,2302.67,8.34,,413.08,,
2001-09-17,413.03,2302.67,8.34,,413.08,,
2001-09-24,413.03,2302.67,8.34,,413.08,,
2001-10-01,346.17,1929.94,6.99,,346.21,,284.6
2001-10-08,346.17,1929.94,6.99,,346.21,,
2001-10-15,282.29,1573.77,5.7,,282.32,,309.2
2001-10-22,222.86,1242.45,4.5,,222.88,,756.0
2001-10-29,234.25,1305.95,4.73,,234.27,,1113.7
2001-11-05,234.25,1305.95,4.73,,234.27,,
2001-11-12,246.13,1372.22,4.97,,246.16,,1783.7
2001-11-19,246.13,1372.22,4.97,,246.16,,
2001-11-26,246.13,1372.22,4.97,,246.16,,
2001-12-03,246.13,1372.22,4.97,,246.16,,
2001-12-10,223.35,1245.21,4.51,,223.38,,935.6
2001-12-17,234.74,1308.71,4.74,,234.77,,1614.9
2001-12-24,246.63,1374.98,4.98,,246.66,,818.8
2001-12-31,257.52,1435.72,5.2,,257.55,,988.1
2002-01-07,156.11,1435.72,5.2,,156.11,,
2002-01-14,156.11,1435.72,5.2,,156.11,,545.7
2002-01-21,120.09,1104.4,4.0,,120.08,,86.6
2002-01-28,120.09,1104.4,4.0,,120.08,,591.3
2002-02-04,120.09,1104.4,4.0,,120.08,,370.7
2002-02-11,126.09,1159.62,4.2,,126.09,,316.9
2002-02-18,126.09,1159.62,4.2,,126.09,,
2002-02-25,126.09,1159.62,4.2,,126.09,,
2002-03-04,132.39,1217.6,4.41,,132.39,,140.6
2002-03-11,139.0,1278.34,4.63,,139.0,,155.8
2002-03-18,145.9,1341.85,4.86,,145.9,,205.2
2002-03-25,153.11,1408.11,5.1,,153.11,,321.5
2002-04-01,160.91,1479.9,5.36,,160.91,,858.0
2002-04-08,169.02,1554.44,5.63,,169.02,,522.0
2002-04-15,169.02,1554.44,5.63,,169.02,,
2002-04-22,169.02,1554.44,5.63,,169.02,,
2002-04-29,169.02,1554.44,5.63,,169.02,,
2002-05-06,169.02,1554.44,5.63,,169.02,,
2002-05-13,169.02,1554.44,5.63,,169.02,,
2002-05-20,169.02,1554.44,5.63,,169.02,,
2002-05-27,169.02,1554.44,5.63,,169.02,,
2002-06-03,169.02,1554.44,5.63,,169.02,,
2002-06-10,169.02,1554.44,5.63,,169.02,,
2002-06-17,169.02,1554.44,5.63,,169.02,,
2002-06-24,169.02,1554.44,5.63,,169.02,,
2002-07-01,169.02,1554.44,5.63,,169.02,,
2002-07-08,169.02,1554.44,5.63,,169.02,,
2002-07-15,169.02,1554.44,5.63,,169.02,,
2002-07-22,169.02,1554.44,5.63,,169.02,,
2002-07-29,169.02,1554.44,5.63,,169.02,,
2002-08-05,169.02,1554.44,5.63,,169.02,,
2002-08-12,169.02,1554.44,5.63,187.7,169.02,,
2002-08-19,169.02,1554.44,5.63,187.7,169.02,,
2002-08-26,169.02,1554.44,5.63,187.7,169.02,,
2002-09-02,169.02,1554.44,5.63,187.7,169.02,,
2002-09-09,169.02,1554.44,5.63,187.7,169.02,,
2002-09-16,169.02,1554.44,5.63,187.7,169.02,,
2002-09-23,169.02,1554.44,5.63,187.7,169.02,,
2002-09-30,169.02,1554.44,5.63,187.7,169.02,,
2002-10-07,169.02,1554.44,5.63,187.7,169.02,,
2002-10-14,169.02,1554.44,5.63,187.7,169.02,,
2002-10-21,203.85,1874.72,6.79,226.3,203.84,,17294.9
2002-10-28,203.85,1874.72,6.79,226.3,203.84,,25355.8
2002-11-04,209.85,1929.94,6.99,233.0,209.85,,19371.4
2002-11-11,211.35,1943.74,7.04,234.7,211.35,,10700.2
2002-11-18,185.83,1709.06,6.19,206.3,185.83,,8999.8
2002-11-25,169.92,1562.73,5.66,188.7,169.92,,7391.2
2002-12-02,158.81,1460.57,5.29,176.3,158.81,,10721.8
2002-12-09,174.42,1604.14,5.81,193.7,174.42,,10488.6
2002-12-16,178.33,1640.03,5.94,198.0,178.32,,9729.0
2002-12-23,179.83,1653.84,5.99,199.7,179.83,,6376.7
2002-12-30,165.42,1521.31,5.51,183.7,165.42,,6882.8
2003-01-06,-48.26,1559.96,5.65,188.3,-48.26,,4056.1
2003-01-13,-50.4,1628.99,5.9,196.7,-50.4,,6131.8
2003-01-20,-56.38,1822.26,6.6,220.0,-56.38,,9588.1
2003-01-27,-59.54,1924.42,6.97,232.3,-59.54,,23361.2
2003-02-03,-58.51,1891.28,6.85,228.3,-58.51,,4747.0
2003-02-10,-59.45,1921.66,6.96,232.0,-59.45,,1037.8
2003-02-17,-60.22,1946.5,7.05,235.0,-60.22,,5844.1
2003-02-24,-56.81,1836.06,6.65,221.7,-56.8,,4208.7
2003-03-03,-57.57,1860.91,6.74,224.7,-57.57,,2303.0
2003-03-10,-53.3,1722.86,6.24,208.0,-53.3,,3185.4
2003-03-17,-53.3,1722.86,6.24,208.0,-53.3,,2496.3
2003-03-24,-54.58,1764.28,6.39,213.0,-54.58,,2472.1
2003-03-31,-54.41,1758.76,6.37,212.3,-54.41,,1542.9
2003-04-07,-57.15,1847.11,6.69,223.0,-57.15,,3824.1
2003-04-14,-54.93,1775.32,6.43,214.3,-54.92,,6617.1
2003-04-21,-51.34,1659.36,6.01,200.3,-51.34,,4161.9
2003-04-28,-46.64,1507.51,5.46,182.0,-46.64,,3575.9
2003-05-05,-44.59,1441.24,5.22,174.0,-44.59,,1300.0
2003-05-12,-42.37,1369.46,4.96,165.3,-42.37,,793.0
2003-05-19,-42.97,1388.78,5.03,167.7,-42.97,,3562.4
2003-05-26,-42.97,1388.78,5.03,167.7,-42.97,,2584.3
2003-06-02,-45.27,1463.33,5.3,176.7,-45.27,,4599.9
2003-06-09,-43.05,1391.54,5.04,168.0,-43.05,,4380.6
2003-06-16,-45.62,1474.37,5.34,178.0,-45.61,,3679.7
2003-06-23,-45.19,1460.57,5.29,,-45.19,,6524.8
2003-06-30,-41.51,1341.85,4.86,,-41.51,,3435.1
2003-07-07,-41.17,1330.8,4.82,,-41.17,,1788.6
2003-07-14,-42.71,1380.5,5.0,,-42.71,,1462.3
2003-07-21,-40.32,1303.19,4.72,,-40.32,,1640.1
2003-07-28,-38.35,1239.69,4.49,,-38.35,,965.9
2003-08-04,-39.89,1289.39,4.67,,-39.89,,1245.3
2003-08-11,-39.38,1272.82,4.61,,-39.38,,1073.9
2003-08-18,-39.38,1272.82,4.61,,-39.38,,779.3
2003-08-25,-37.93,1225.88,4.44,,-37.93,,926.1
2003-09-01,-38.01,1228.64,4.45,,-38.01,,1247.5
2003-09-08,-38.61,1247.97,4.52,,-38.61,,1187.9
2003-09-15,-37.59,1214.84,4.4,,-37.58,,3245.6
2003-09-22,-38.95,1259.02,4.56,,-38.95,,1002.9
2003-09-29,-37.24,1203.8,4.36,,-37.24,,3282.0
2003-10-06,-37.33,1206.56,4.37,,-37.33,,339.3
2003-10-13,-37.93,1225.88,4.44,,-37.93,,876.4
2003-10-20,-35.36,1143.05,4.14,,-35.36,,1016.2
2003-10-27,-32.46,1049.18,3.8,,-32.46,,1819.7
2003-11-03,-31.09,1005.0,3.64,,-31.09,,1918.2
2003-11-10,-27.68,894.56,3.24,,-27.68,,2027.9
2003-11-17,-27.76,897.32,3.25,,-27.76,,1145.9
2003-11-24,-30.84,996.72,3.61,,-30.84,,2774.5
2003-12-01,-29.04,938.74,3.4,,-29.04,,2704.0
2003-12-08,-31.01,1002.24,3.63,,-31.01,,3136.8
2003-12-15,-30.75,993.96,3.6,,-30.75,,1767.9
2003-12-22,-26.05,842.1,3.05,,-26.05,,2940.0
2003-12-29,-24.52,792.41,2.87,,-24.52,,2797.1
2004-01-05,-18.1,753.75,2.73,,-18.1,,2409.0
2004-01-12,-18.97,789.65,2.86,,-18.97,,3409.1
2004-01-19,-18.83,784.12,2.84,,-18.83,,2737.3
2004-01-26,-18.83,784.12,2.84,,-18.83,,
2004-02-02,-20.89,869.71,3.15,,-20.89,,2311.7
2004-02-09,-23.14,963.59,3.49,,-23.14,,6673.0
2004-02-16,-24.34,1013.29,3.67,,-24.34,,7990.3
2004-02-23,-25.73,1071.27,3.88,,-25.73,,5962.6
2004-03-01,-23.54,980.15,3.55,,-23.54,,4486.3
2004-03-08,-22.42,933.22,3.38,,-22.42,,3193.1
2004-03-15,-23.81,991.2,3.59,,-23.81,,2407.3
2004-03-22,-24.34,1013.29,3.67,,-24.34,,2960.4
2004-03-29,-24.01,999.48,3.62,,-24.01,,4289.0
2004-04-05,-25.47,1060.22,3.84,,-25.47,,3876.6
2004-04-12,-25.4,1057.46,3.83,,-25.4,,7402.4
2004-04-19,-22.68,944.26,3.42,,-22.68,,3783.9
2004-04-26,-22.35,930.46,3.37,,-22.35,,1588.8
2004-05-03,-21.55,897.32,3.25,,-21.55,,1687.5
2004-05-10,-21.42,891.8,3.23,,-21.42,,230.2
2004-05-17,-21.22,883.52,3.2,,-21.22,,1159.6
2004-05-24,-21.22,883.52,3.2,,-21.22,,975.2
2004-05-31,-19.96,831.06,3.01,,-19.96,,1364.0
2004-06-07,-19.7,820.02,2.97,,-19.7,,1008.1
2004-06-14,-20.03,833.82,3.02,,-20.03,,5225.3
2004-06-21,-19.5,811.73,2.94,,-19.5,,2219.6
2004-06-28,-18.04,750.99,2.72,,-18.04,,1197.3
2004-07-05,-17.64,734.43,2.66,,-17.64,,1487.7
2004-07-12,-16.98,706.82,2.56,,-16.98,,1741.3
2004-07-19,-16.65,693.01,2.51,,-16.65,,1375.5
2004-07-26,-15.52,646.07,2.34,,-15.52,,1134.6
2004-08-02,-14.52,604.66,2.19,,-14.52,,1936.3
2004-08-09,-14.79,615.7,2.23,,-14.79,,1168.9
2004-08-16,-13.93,579.81,2.1,,-13.93,,722.5
2004-08-23,-13.86,577.05,2.09,,-13.86,,1246.9
2004-08-30,-13.86,577.05,2.09,,-13.86,,1137.8
2004-09-06,-15.39,640.55,2.32,,-15.39,,2911.9
2004-09-13,-14.92,621.22,2.25,,-14.92,,2844.8
2004-09-20,-17.04,709.58,2.57,,-17.04,,6020.7
2004-09-27,-14.85,618.46,2.24,,-14.86,,4567.2
2004-10-04,-14.26,593.61,2.15,,-14.26,,1125.3
2004-10-11,-14.85,618.46,2.24,,-14.86,,575.3
2004-10-18,-12.53,521.83,1.89,,-12.53,,1777.0
2004-10-25,-10.74,447.28,1.62,,-10.74,,2377.0
2004-11-01,-11.14,463.85,1.68,,-11.14,,2843.4
2004-11-08,-10.74,447.28,1.62,,-10.74,,1674.4
2004-11-15,-11.27,469.37,1.7,,-11.27,,1868.7
2004-11-22,-13.33,554.96,2.01,,-13.33,,5354.9
2004-11-29,-12.8,532.87,1.93,,-12.8,,7712.8
2004-12-06,-13.66,568.77,2.06,,-13.66,,5291.7
2004-12-13,-12.27,510.78,1.85,,-12.27,,4324.8
2004-12-20,-11.67,485.94,1.76,,-11.67,,1746.0
2004-12-27,-11.67,485.94,1.76,,-11.67,,1146.7
2005-01-03,-12.74,452.8,1.64,,-12.74,,771.0
2005-01-10,-14.37,510.78,1.85,,-14.37,,2355.3
2005-01-17,-13.75,488.7,1.77,,-13.75,,2182.4
2005-01-24,-14.3,508.02,1.84,,-14.3,,3071.3
2005-01-31,-12.66,450.04,1.63,,-12.66,,1366.1
2005-02-07,-13.13,466.61,1.69,,-13.13,,1220.1
2005-02-14,-13.13,466.61,1.69,,-13.13,,
2005-02-21,-13.52,480.41,1.74,,-13.52,,937.5
2005-02-28,-14.92,530.11,1.92,,-14.92,,5140.0
2005-03-07,-14.68,521.83,1.89,,-14.68,,1739.0
2005-03-14,-13.98,496.98,1.8,,-13.98,,3145.2
2005-03-21,-13.91,494.22,1.79,,-13.91,,3829.2
2005-03-28,-13.05,463.85,1.68,,-13.05,,2128.5
2005-04-04,-12.82,455.56,1.65,,-12.82,,2078.0
2005-04-11,-13.44,477.65,1.73,,-13.44,,2321.5
2005-04-18,-12.12,430.72,1.56,,-12.12,,3866.6
2005-04-25,-9.87,350.65,1.27,,-9.87,,3134.6
2005-05-02,-11.19,397.58,1.44,,-11.19,,3290.5
2005-05-09,-11.73,416.91,1.51,,-11.73,,635.6
2005-05-16,-10.02,356.17,1.29,,-10.02,,9102.3
2005-05-23,-10.18,361.69,1.31,,-10.18,,6285.6
2005-05-30,-10.26,364.45,1.32,,-10.26,,3695.5
2005-06-06,-10.18,361.69,1.31,,-10.18,,2739.1
2005-06-13,-10.49,372.73,1.35,,-10.49,,4943.6
2005-06-20,-9.63,342.36,1.24,,-9.63,,3514.6
2005-06-27,-9.71,345.12,1.25,,-9.71,,2630.3
2005-07-04,-8.16,289.9,1.05,,-8.16,,2241.6
2005-07-11,-8.31,295.43,1.07,,-8.31,,4052.4
2005-07-18,-8.47,300.95,1.09,,-8.47,,7105.5
2005-07-25,-7.92,281.62,1.02,,-7.92,,4227.6
2005-08-01,-8.08,287.14,1.04,,-8.08,,4474.9
2005-08-08,-8.78,311.99,1.13,,-8.78,,6624.6
2005-08-15,-9.17,325.8,1.18,,-9.17,,8199.0
2005-08-22,-10.1,358.93,1.3,,-10.1,,10530.0
2005-08-29,-11.58,411.39,1.49,,-11.58,,10766.1
2005-09-05,-11.96,425.19,1.54,,-11.96,,8240.9
2005-09-12,-13.29,472.13,1.71,,-13.29,,12184.7
2005-09-19,-14.61,519.07,1.88,,-14.61,,13942.9
2005-09-26,-12.59,447.28,1.62,,-12.59,,15114.1
2005-10-03,-11.5,408.63,1.48,,-11.5,,9889.7
2005-10-10,-10.95,389.3,1.41,,-10.95,,1037.0
2005-10-17,-11.19,397.58,1.44,,-11.19,,7902.0
2005-10-24,-13.13,466.61,1.69,,-13.13,,5423.1
2005-10-31,-12.35,439.0,1.59,,-12.35,,7794.7
2005-11-07,-12.66,450.04,1.63,,-12.66,,6032.7
2005-11-14,-11.89,422.43,1.53,,-11.89,,4837.2
2005-11-21,-12.35,439.0,1.59,,-12.35,,3309.1
2005-11-28,-12.28,436.24,1.58,,-12.28,,4715.5
2005-12-05,-10.64,378.26,1.37,,-10.64,,2787.1
2005-12-12,-11.03,392.06,1.42,,-11.03,,2991.8
2005-12-19,-11.65,414.15,1.5,,-11.65,,4964.9
2005-12-26,-11.58,411.39,1.49,,-11.58,,4182.2
2006-01-02,-8.95,444.52,1.61,,-8.95,,8961.2
2006-01-09,-9.29,461.09,1.67,,-9.29,,6113.9
2006-01-16,-9.12,452.8,1.64,,-9.12,,6359.0
2006-01-23,-10.01,496.98,1.8,,-10.01,,8146.1
2006-01-30,-9.51,472.13,1.71,,-9.51,,3263.4
2006-02-06,-9.73,483.17,1.75,,-9.73,,798.8
2006-02-13,-9.68,480.41,1.74,,-9.68,,4850.1
2006-02-20,-9.34,463.85,1.68,,-9.34,,3734.4
2006-02-27,-9.68,480.41,1.74,,-9.68,,4107.8
2006-03-06,-9.9,491.46,1.78,86.5,-9.9,,4970.6
2006-03-13,-9.23,458.33,1.66,80.7,-9.23,,2705.8
2006-03-20,-9.29,461.09,1.67,81.1,-9.29,,1887.8
2006-03-27,-9.62,477.65,1.73,84.1,-9.62,,2142.0
2006-04-03,-9.68,480.41,1.74,84.5,-9.68,,3627.6
2006-04-10,-9.23,458.33,1.66,80.7,-9.23,,6534.6
2006-04-17,-9.96,494.22,1.79,87.0,-9.96,,7314.8
2006-04-24,-9.62,477.65,1.73,84.1,-9.62,,7028.6
2006-05-01,-8.4,416.91,1.51,73.4,-8.4,,4417.6
2006-05-08,-8.84,439.0,1.59,77.3,-8.84,,1387.1
2006-05-15,-9.23,458.33,1.66,80.7,-9.23,,8341.0
2006-05-22,-10.01,496.98,1.8,87.5,-10.01,,9209.4
2006-05-29,-10.4,516.31,1.87,90.9,-10.4,,11157.2
2006-06-05,-12.35,612.94,2.22,118.1,-12.35,,15952.1
2006-06-12,-10.07,499.74,1.81,96.3,-10.07,,7945.9
2006-06-19,-10.62,527.35,1.91,101.6,-10.62,,3035.4
2006-06-26,-10.57,524.59,1.9,101.1,-10.57,,3965.6
2006-07-03,-11.57,574.29,2.08,110.6,-11.57,,7473.4
2006-07-10,-12.07,599.14,2.17,115.4,-12.07,,6650.9
2006-07-17,-11.01,546.68,1.98,105.3,-11.01,,6873.9
2006-07-24,-11.62,577.05,2.09,111.2,-11.62,,3236.0
2006-07-31,-11.12,552.2,2.0,106.4,-11.12,,3991.9
2006-08-07,-10.62,527.35,1.91,101.6,-10.62,,2972.0
2006-08-14,-10.51,521.83,1.89,137.0,-10.51,,3033.4
2006-08-21,-10.68,530.11,1.92,139.1,-10.68,,1937.3
2006-08-28,-11.01,546.68,1.98,143.5,-11.01,,2295.3
2006-09-04,-11.4,566.0,2.05,148.6,-11.4,,3911.7
2006-09-11,-11.96,593.61,2.15,155.8,-11.96,,5493.1
2006-09-18,-12.74,632.27,2.29,165.9,-12.74,,8340.9
2006-09-25,-12.79,635.03,2.3,166.7,-12.79,,7382.2
2006-10-02,-13.01,646.07,2.34,169.6,-13.01,,4299.3
2006-10-09,-13.01,646.07,2.34,169.6,-13.01,,864.2
2006-10-16,-14.18,704.05,2.55,184.8,-14.18,,6877.5
2006-10-23,-12.57,623.99,2.26,163.8,-12.57,,6790.0
2006-10-30,-11.62,577.05,2.09,620.2,-11.62,,6204.6
2006-11-06,-11.9,590.85,2.14,635.0,-11.9,,4486.4
2006-11-13,-10.96,543.92,1.97,584.6,-10.96,,4714.3
2006-11-20,-11.12,552.2,2.0,593.5,-11.12,,2891.3
2006-11-27,-11.85,588.09,2.13,632.0,-11.85,,4246.6
2006-12-04,-12.29,610.18,2.21,655.8,-12.29,,4970.9
2006-12-11,-12.29,610.18,2.21,655.8,-12.29,,3647.2
2006-12-18,-12.79,635.03,2.3,682.5,-12.79,,5373.7
2006-12-25,-14.74,731.66,2.65,786.4,-14.74,,9127.1
2007-01-01,13.09,731.66,2.65,786.4,13.09,,
2007-01-08,13.09,731.66,2.65,786.4,13.09,,
2007-01-15,13.09,731.66,2.65,786.4,13.09,,
2007-01-22,13.09,731.66,2.65,786.4,13.09,,
2007-01-29,13.09,731.66,2.65,786.4,13.09,,
2007-02-05,13.09,731.66,2.65,786.4,13.09,,
2007-02-12,13.09,731.66,2.65,786.4,13.09,,
2007-02-19,13.09,731.66,2.65,786.4,13.09,,
2007-02-26,13.09,731.66,2.65,786.4,13.09,,
2007-03-05,13.09,731.66,2.65,786.4,13.09,,
2007-03-12,13.09,731.66,2.65,786.4,13.09,,
2007-03-19,13.09,731.66,2.65,786.4,13.09,,
2007-03-26,13.09,731.66,2.65,786.4,13.09,,
2007-04-02,13.09,731.66,2.65,786.4,13.09,,
2007-04-09,13.09,731.66,2.65,786.4,13.09,,
2007-04-16,13.09,731.66,2.65,,13.09,,
2007-04-23,13.09,731.66,2.65,,13.09,,
2007-04-30,13.09,731.66,2.65,,13.09,,
2007-05-07,13.09,731.66,2.65,,13.09,,
2007-05-14,13.09,731.66,2.65,,13.09,,
2007-05-21,13.09,731.66,2.65,,13.09,,
2007-05-28,13.09,731.66,2.65,,13.09,,
2007-06-04,14.43,806.21,2.92,,14.43,,10.4
2007-06-11,18.43,1029.85,3.73,,18.43,,14.3
2007-06-18,18.43,1029.85,3.73,,18.43,,
2007-06-25,18.43,1029.85,3.73,,18.43,,
2007-07-02,18.43,1029.85,3.73,,18.43,,
2007-07-09,18.43,1029.85,3.73,,18.43,,
2007-07-16,18.43,1029.85,3.73,,18.43,,
2007-07-23,18.43,1029.85,3.73,,18.43,,
2007-07-30,18.43,1029.85,3.73,,18.43,,
2007-08-06,18.43,1029.85,3.73,,18.43,,
2007-08-13,31.28,1747.71,6.33,,31.27,,42179.1
2007-08-20,32.36,1808.45,6.55,,32.36,,17813.8
2007-08-27,38.54,2153.58,7.8,,38.54,,14951.7
2007-09-03,39.33,2197.76,7.96,,39.33,,23854.7
2007-09-10,42.0,2346.85,8.5,,42.0,,23073.9
2007-09-17,41.9,2341.33,8.48,,41.9,,10814.6
2007-09-24,39.43,2203.28,7.98,,39.43,,13513.1
2007-10-01,43.28,2418.64,8.76,,43.28,,8960.8
2007-10-08,42.39,2368.94,8.58,,42.39,,2338.4
2007-10-15,39.53,2208.8,8.0,,39.53,,14715.3
2007-10-22,41.5,2319.24,8.4,,41.5,,10108.8
2007-10-29,35.62,1990.68,7.21,19.9,35.62,,13658.2
2007-11-05,39.03,2181.19,7.9,21.8,39.03,,17516.8
2007-11-12,34.29,1916.13,6.94,19.2,34.29,,10979.1
2007-11-19,35.72,1996.2,7.23,20.0,35.72,,4447.4
2007-11-26,33.05,1847.11,6.69,18.5,33.05,,4487.7
2007-12-03,33.25,1858.15,6.73,18.6,33.25,,3813.1
2007-12-10,35.77,1998.96,7.24,20.0,35.77,,5552.5
2007-12-17,35.57,1987.92,7.2,19.9,35.57,,6664.4
2007-12-24,38.74,2164.62,7.84,21.6,38.74,,10702.4
2007-12-31,42.89,2396.55,8.68,24.0,42.89,,13155.0
2008-01-07,40.85,2774.8,10.05,27.7,40.85,,6020.9
2008-01-14,41.74,2835.55,10.27,28.3,41.74,,26408.4
2008-01-21,38.61,2622.95,9.5,26.2,38.61,,13920.3
2008-01-28,35.65,2421.4,8.77,24.2,35.64,,8326.4
2008-02-04,32.88,2233.65,8.09,22.3,32.88,,6606.8
2008-02-11,33.9,2302.67,8.34,23.0,33.9,,1212.8
2008-02-18,34.91,2371.7,8.59,23.7,34.91,,3733.6
2008-02-25,33.41,2269.54,8.22,22.7,33.41,,6243.4
2008-03-03,37.19,2526.31,9.15,25.2,37.19,,8047.0
2008-03-10,35.28,2396.55,8.68,24.0,35.28,,7746.1
2008-03-17,32.23,2189.47,7.93,21.9,32.23,,9757.6
2008-03-24,30.77,2090.08,7.57,20.9,30.77,,5416.8
2008-03-31,28.25,1918.89,6.95,19.2,28.25,,4371.8
2008-04-07,25.89,1758.76,6.37,17.6,25.89,,3680.8
2008-04-14,25.48,1731.15,6.27,17.3,25.48,,4418.6
2008-04-21,22.15,1504.74,5.45,15.0,22.15,,2998.3
2008-04-28,25.93,1761.52,6.38,17.6,25.93,,7150.6
2008-05-05,26.62,1808.45,6.55,17.1,26.62,,9307.1
2008-05-12,24.91,1692.49,6.13,15.7,24.91,,7097.2
2008-05-19,24.31,1651.08,5.98,15.3,24.3,,4902.3
2008-05-26,22.76,1546.16,5.6,14.3,22.76,,3953.3
2008-06-02,22.44,1524.07,5.52,14.1,22.44,,2385.6
2008-06-09,22.15,1504.74,5.45,13.9,22.15,,2061.0
2008-06-16,17.15,1165.14,4.22,10.8,17.15,,2895.5
2008-06-23,16.83,1143.05,4.14,10.6,16.83,,6468.4
2008-06-30,15.44,1049.18,3.8,9.7,15.44,,6819.1
2008-07-07,16.5,1120.97,4.06,10.4,16.5,,4278.2
2008-07-14,16.66,1132.01,4.1,10.5,16.66,21037.8,5152.9
2008-07-21,16.14,1096.12,3.97,10.2,16.14,10596.0,2712.9
2008-07-28,18.33,1245.21,4.51,11.5,18.33,38783.7,9012.4
2008-08-04,16.38,1112.68,4.03,10.3,16.38,29751.0,7042.6
2008-08-11,14.63,993.96,3.6,9.2,14.63,9630.0,2502.3
2008-08-18,12.68,861.43,3.12,8.0,12.68,5764.1,1748.3
2008-08-25,11.34,770.32,2.79,7.1,11.34,84197.8,29000.0
2008-09-01,9.63,654.36,2.37,6.0,9.63,53613.9,21310.0
2008-09-08,8.86,601.9,2.18,5.5,8.86,37494.1,16163.4
2008-09-15,7.64,519.07,1.88,4.8,7.64,25730.7,12978.6
2008-09-22,8.54,579.81,2.1,5.3,8.54,51215.8,26213.0
2008-09-29,8.33,566.0,2.05,5.2,8.33,38434.8,19397.5
2008-10-06,7.93,538.39,1.95,4.9,7.93,7377.4,3753.0
2008-10-13,7.28,494.22,1.79,4.5,7.28,17001.3,9438.9
2008-10-20,6.58,447.28,1.62,4.1,6.58,18545.5,11226.6
2008-10-27,6.63,450.04,1.63,4.1,6.62,25060.4,14826.7
2008-11-03,5.81,394.82,1.43,,5.81,16202.7,10707.5
2008-11-10,6.22,422.43,1.53,,6.22,12396.9,8546.9
2008-11-17,7.4,502.5,1.82,,7.4,34650.9,20804.6
2008-11-24,6.99,474.89,1.72,,6.99,34413.9,19617.9
2008-12-01,6.91,469.37,1.7,,6.91,20058.6,11722.2
2008-12-08,8.05,546.68,1.98,,8.05,48956.2,26473.1
2008-12-15,8.05,546.68,1.98,,8.05,72178.1,34779.0
2008-12-22,8.66,588.09,2.13,,8.66,57707.3,28449.3
2008-12-29,7.88,535.63,1.94,,7.88,40246.0,20282.6
2009-01-05,8.03,527.35,1.91,,8.03,18109.1,9626.3
2009-01-12,8.41,552.2,2.0,,8.41,33560.9,16951.8
2009-01-19,8.62,566.0,2.05,,8.62,32626.1,16257.3
2009-01-26,9.55,626.75,2.27,,9.55,57486.4,26523.8
2009-02-02,10.01,657.12,2.38,,10.01,21632.0,9253.2
2009-02-09,11.06,726.14,2.63,,11.06,100432.5,40836.9
2009-02-16,13.46,883.52,3.2,,13.46,134450.8,45312.4
2009-02-23,14.05,922.17,3.34,,14.04,122374.8,40012.8
2009-03-02,14.47,949.78,3.44,,14.47,132875.2,38545.5
2009-03-09,12.66,831.06,3.01,,12.66,68433.9,21185.1
2009-03-16,14.13,927.7,3.36,,14.13,77567.2,24064.7
2009-03-23,14.26,935.98,3.39,,14.26,71209.9,21018.2
2009-03-30,15.47,1016.05,3.68,,15.47,167036.1,44857.3
2009-04-06,14.84,974.63,3.53,,14.84,151341.8,42472.6
2009-04-13,15.64,1027.09,3.72,,15.64,127581.5,34986.0
2009-04-20,16.4,1076.79,3.9,,16.4,179758.0,46240.8
2009-04-27,15.47,1016.05,3.68,,15.47,194171.9,49549.9
2009-05-04,15.47,1016.05,3.68,3092.4,15.47,89688.7,25133.6
2009-05-11,15.18,996.72,3.61,,15.18,125446.9,33524.0
2009-05-18,16.95,1112.68,4.03,,16.95,159132.2,41513.4
2009-05-25,15.85,1040.9,3.77,,15.85,123559.8,31868.8
2009-06-01,16.06,1054.7,3.82,,16.06,55252.0,14527.8
2009-06-08,16.82,1104.4,4.0,,16.82,140696.1,35990.2
2009-06-15,18.54,1217.6,4.41,,18.54,331227.4,76822.6
2009-06-22,18.21,1195.51,4.33,,18.21,246438.2,54512.0
2009-06-29,18.21,1195.51,4.33,,18.21,158766.8,36890.9
2009-07-06,17.87,1173.42,4.25,,17.87,118949.9,28012.7
2009-07-13,19.6,1286.63,4.66,,19.6,211323.5,47327.3
2009-07-20,19.34,1270.06,4.6,,19.34,160451.9,34933.2
2009-07-27,19.05,1250.73,4.53,,19.05,147093.5,32821.2
2009-08-03,18.38,1206.56,4.37,,18.38,183020.0,41902.4
2009-08-10,17.66,1159.62,4.2,,17.66,121941.7,28286.0
2009-08-17,14.8,971.87,3.52,,14.8,101024.6,26052.7
2009-08-24,15.47,1016.05,3.68,,15.47,83324.7,23732.7
2009-08-31,14.89,977.39,3.54,,14.89,82185.3,22212.6
2009-09-07,15.69,1029.85,3.73,,15.68,59912.4,16603.0
2009-09-14,17.37,1140.29,4.13,,17.37,124286.2,31489.6
2009-09-21,17.66,1159.62,4.2,,17.66,273566.6,62901.4
2009-09-28,18.92,1242.45,4.5,,18.92,186580.0,42393.3
2009-10-05,18.63,1223.12,4.43,,18.63,113302.0,25337.5
2009-10-12,18.88,1239.69,4.49,,18.88,115471.0,26079.6
2009-10-19,19.76,1297.67,4.7,,19.76,359799.9,77686.8
2009-10-26,19.18,1259.02,4.56,,19.17,151031.4,32313.8
2009-11-02,19.09,1253.49,4.54,,19.09,109474.8,24692.8
2009-11-09,22.54,1479.9,5.36,,22.54,334518.2,66711.1
2009-11-16,23.55,1546.16,5.6,,23.55,357652.6,65409.5
2009-11-23,25.48,1673.17,6.06,,25.48,240213.0,40895.8
2009-11-30,25.44,1670.4,6.05,,25.44,355157.1,59049.0
2009-12-07,25.31,1662.12,6.02,,25.31,192704.7,31971.9
2009-12-14,24.43,1604.14,5.81,,24.43,98654.0,16739.5
2009-12-21,21.95,1441.24,5.22,,21.95,95091.1,17398.6
2009-12-28,23.38,1535.12,5.56,,23.38,87234.8,16162.9
2010-01-04,24.24,1604.14,5.81,,24.24,87363.1,15326.0
2010-01-11,28.45,1883.0,6.82,,28.45,498766.7,77982.1
2010-01-18,27.79,1838.83,6.66,,27.79,229767.9,35603.5
2010-01-25,28.62,1894.05,6.86,,28.62,387132.4,55541.0
2010-02-01,30.58,2023.81,7.33,,30.58,295822.8,42758.0
2010-02-08,35.34,2338.57,8.47,,35.34,850600.3,105088.6
2010-02-15,34.3,2269.54,8.22,,34.3,315851.6,39199.3
2010-02-22,32.88,2175.67,7.88,,32.88,77625.0,9789.4
2010-03-01,33.67,2228.13,8.07,,33.67,405863.9,52000.8
2010-03-08,30.96,2048.66,7.42,,30.96,249804.7,32248.7
2010-03-15,29.83,1974.11,7.15,,29.83,134314.3,18371.2
2010-03-22,31.08,2056.94,7.45,,31.08,122597.6,16707.8
2010-03-29,29.87,1976.88,7.16,,29.87,127682.4,17508.1
2010-04-05,31.29,2070.75,7.5,,31.29,110245.9,15087.1
2010-04-12,30.12,1993.44,7.22,,30.12,153452.3,20674.0
2010-04-19,28.41,1880.24,6.81,,28.41,141619.0,19867.4
2010-04-26,26.62,1761.52,6.38,,26.62,107984.5,16230.4
2010-05-03,24.28,1606.9,5.82,,24.28,77719.7,12821.6
2010-05-10,23.03,1524.07,5.52,,23.03,68440.8,11827.6
2010-05-17,20.99,1388.78,5.03,,20.99,79213.1,15225.1
2010-05-24,23.28,1540.64,5.58,,23.28,107613.6,20180.8
2010-05-31,22.86,1513.03,5.48,,22.86,97505.4,17711.4
2010-06-07,22.36,1479.9,5.36,,22.36,66400.0,12501.0
2010-06-14,22.74,1504.74,5.45,,22.74,50253.6,9210.4
2010-06-21,23.66,1565.49,5.67,,23.66,92781.9,16440.5
2010-06-28,23.49,1554.44,5.63,,23.49,175936.9,30016.6
2010-07-05,20.44,1352.89,4.9,,20.44,65874.3,13030.7
2010-07-12,21.82,1444.0,5.23,,21.82,57703.1,11304.9
2010-07-19,21.7,1435.72,5.2,,21.7,47092.2,9194.3
2010-07-26,22.95,1518.55,5.5,,22.95,71988.9,13471.3
2010-08-02,23.78,1573.77,5.7,,23.78,103586.0,18511.2
2010-08-09,23.99,1587.57,5.75,,23.99,117025.0,20816.5
2010-08-16,23.7,1568.25,5.68,,23.7,108362.8,19404.5
2010-08-23,24.16,1598.62,5.79,,24.16,152547.3,26296.8
2010-08-30,24.53,1623.47,5.88,,24.53,119388.4,20535.9
2010-09-06,25.83,1709.06,6.19,,25.83,180893.2,30091.9
2010-09-13,26.24,1736.67,6.29,,26.24,174983.3,28645.2
2010-09-20,24.53,1623.47,5.88,,24.53,121978.2,19943.4
2010-09-27,24.87,1645.56,5.96,,24.87,27150.9,4578.6
2010-10-04,24.2,1601.38,5.8,,24.2,49280.4,8438.1
2010-10-11,24.41,1615.18,5.85,,24.41,52254.8,8986.3
2010-10-18,21.53,1424.68,5.16,,21.53,141049.5,25779.2
2010-10-25,22.57,1493.7,5.41,,22.57,90030.3,17021.2
2010-11-01,22.45,1485.42,5.38,,22.45,104111.3,19279.9
2010-11-08,24.24,1604.14,5.81,,24.24,160339.6,28785.5
2010-11-15,23.07,1526.83,5.53,,23.07,329349.7,55387.2
2010-11-22,22.7,1501.98,5.44,,22.7,112842.1,20836.3
2010-11-29,23.36,1546.16,5.6,,23.36,93003.5,16858.6
2010-12-06,22.61,1496.46,5.42,,22.61,78122.1,14416.4
2010-12-13,23.62,1562.73,5.66,,23.61,85082.6,15403.2
2010-12-20,22.7,1501.98,5.44,,22.7,102714.4,18314.1
2010-12-27,23.41,1548.92,5.61,,23.41,90813.6,16342.8
2011-01-03,23.89,1485.42,5.38,,23.89,64717.9,12043.6
2011-01-10,23.63,1468.85,5.32,,23.63,62028.6,11509.3
2011-01-17,22.47,1397.07,5.06,,22.47,41513.1,7875.2
2011-01-24,22.78,1416.39,5.13,,22.78,32191.2,6365.5
2011-01-31,22.87,1421.91,5.15,,22.87,32354.1,6332.6
2011-02-07,22.96,1427.44,5.17,,22.96,7381.2,1429.8
2011-02-14,23.89,1485.42,5.38,,23.89,59388.5,11259.9
2011-02-21,24.16,1501.98,5.44,,24.16,72583.7,13510.1
2011-02-28,23.72,1474.37,5.34,,23.72,87055.1,16472.1
2011-03-07,24.34,1513.03,5.48,,24.34,121787.8,22420.2
2011-03-14,24.29,1510.27,5.47,,24.29,78890.2,14439.8
2011-03-21,24.83,1543.4,5.59,,24.83,150017.4,27320.9
2011-03-28,25.23,1568.25,5.68,,25.23,187277.0,32917.6
2011-04-04,24.91,1548.92,5.61,,24.91,84732.9,15195.2
2011-04-11,25.4,1579.29,5.72,,25.4,105853.3,18548.1
2011-04-18,27.67,1720.1,6.23,,27.67,292443.0,48333.7
2011-04-25,29.18,1813.98,6.57,,29.18,351608.6,53708.1
2011-05-02,27.89,1733.91,6.28,,27.89,141351.6,22513.3
2011-05-09,27.05,1681.45,6.09,,27.05,94687.6,15138.3
2011-05-16,25.89,1609.66,5.83,,25.89,191769.4,32499.1
2011-05-23,23.98,1490.94,5.4,,23.98,120466.6,21127.1
2011-05-30,22.96,1427.44,5.17,,22.96,70227.3,13195.5
2011-06-06,23.18,1441.24,5.22,,23.18,34253.7,6615.1
2011-06-13,22.6,1405.35,5.09,,22.61,63688.4,12294.9
2011-06-20,20.92,1300.43,4.71,,20.92,49993.7,9998.4
2011-06-27,22.21,1380.5,5.0,,22.21,47807.3,9756.2
2011-07-04,23.27,1446.76,5.24,,23.27,65080.5,12740.6
2011-07-11,23.45,1457.81,5.28,,23.45,69808.2,13202.2
2011-07-18,23.98,1490.94,5.4,,23.98,56612.6,10667.6
2011-07-25,23.09,1435.72,5.2,,23.09,50572.7,9660.0
2011-08-01,23.45,1457.81,5.28,,23.45,28191.4,5395.5
2011-08-08,21.23,1319.76,4.78,,21.23,42783.3,8506.2
2011-08-15,22.07,1372.22,4.97,,22.07,35517.2,7405.4
2011-08-22,21.58,1341.85,4.86,,21.58,30454.3,6142.4
2011-08-29,22.47,1397.07,5.06,,22.47,33385.3,6665.4
2011-09-05,21.94,1363.93,4.94,,21.94,85810.8,16612.6
2011-09-12,22.87,1421.91,5.15,,22.87,33785.2,6689.6
2011-09-19,22.16,1377.74,4.99,,22.16,57618.6,11210.1
2011-09-26,23.49,1460.57,5.29,,23.49,84266.6,16193.3
2011-10-03,21.09,1311.47,4.75,,21.1,62212.1,12128.7
2011-10-10,20.87,1297.67,4.7,,20.87,4311.6,905.7
2011-10-17,21.49,1336.32,4.84,,21.49,28958.6,6022.9
2011-10-24,19.63,1220.36,4.42,,19.63,20172.0,4410.7
2011-10-31,20.83,1294.91,4.69,,20.83,36500.3,7902.3
2011-11-07,21.05,1308.71,4.74,,21.05,32549.9,6872.8
2011-11-14,21.54,1339.08,4.85,,21.54,32036.6,6703.5
2011-11-21,21.09,1311.47,4.75,,21.1,81175.8,16298.9
2011-11-28,21.32,1325.28,4.8,,21.32,31572.3,6459.2
2011-12-05,21.89,1361.17,4.93,,21.89,41594.4,8657.4
2011-12-12,20.12,1250.73,4.53,,20.12,21962.1,4624.6
2011-12-19,16.34,1016.05,3.68,,16.34,26686.5,6806.3
2011-12-26,14.26,886.28,3.21,,14.26,63974.4,18935.0
2012-01-02,13.72,875.24,3.17,,13.72,12290.2,3919.4
2012-01-09,14.46,922.17,3.34,,14.46,23580.3,7331.1
2012-01-16,13.55,864.19,3.13,,13.55,25688.4,7723.2
2012-01-23,14.5,924.93,3.35,,14.5,14141.6,4292.5
2012-01-30,14.59,930.46,3.37,,14.59,3056.7,909.5
2012-02-06,16.06,1024.33,3.71,,16.06,40888.8,11607.5
2012-02-13,15.71,1002.24,3.63,,15.71,22930.9,6381.4
2012-02-20,16.06,1024.33,3.71,,16.06,37836.0,10033.2
2012-02-27,18.05,1151.34,4.17,,18.05,67983.8,17158.7
2012-03-05,18.09,1154.1,4.18,,18.09,44120.5,10590.6
2012-03-12,18.01,1148.58,4.16,,18.01,37604.7,8954.5
2012-03-19,16.8,1071.27,3.88,,16.8,47562.7,12181.6
2012-03-26,15.93,1016.05,3.68,,15.93,21156.4,5672.8
2012-04-02,14.33,913.89,3.31,,14.33,18651.4,5404.5
2012-04-09,14.98,955.31,3.46,,14.98,11390.9,3311.8
2012-04-16,16.28,1038.14,3.76,,16.28,25068.0,6930.2
2012-04-23,16.49,1051.94,3.81,,16.49,26119.5,6864.8
2012-04-30,16.28,1038.14,3.76,,16.28,38141.8,10046.9
2012-05-07,14.76,941.5,3.41,,14.76,21876.5,6366.8
2012-05-14,14.93,952.54,3.45,,14.93,22671.7,6589.6
2012-05-21,14.93,952.54,3.45,,14.93,14679.0,4299.5
2012-05-28,14.72,938.74,3.4,,14.72,16514.5,4850.6
2012-06-04,14.46,922.17,3.34,,14.46,20570.4,5940.1
2012-06-11,15.41,982.92,3.56,,15.41,34261.9,9770.7
2012-06-18,15.63,996.72,3.61,,15.63,32008.0,8809.0
2012-06-25,16.15,1029.85,3.73,,16.15,33684.7,9113.0
2012-07-02,15.41,982.92,3.56,,15.41,75359.4,20154.3
2012-07-09,15.37,980.15,3.55,,15.37,28392.7,7949.1
2012-07-16,16.45,1049.18,3.8,,16.45,41793.3,11302.2
2012-07-23,16.1,1027.09,3.72,,16.1,99598.6,26019.8
2012-07-30,14.2,905.61,3.28,,14.2,92252.9,25131.8
2012-08-06,13.98,891.8,3.23,,13.98,67560.1,21547.8
2012-08-13,13.46,858.67,3.11,,13.46,59875.6,18462.6
2012-08-20,13.55,864.19,3.13,,13.55,38946.2,12562.9
2012-08-27,14.89,949.78,3.44,,14.89,92221.9,27272.1
2012-09-03,14.72,938.74,3.4,,14.72,45473.5,13673.7
2012-09-10,15.24,971.87,3.52,,15.24,43802.1,12730.9
2012-09-17,14.5,924.93,3.35,,14.5,62225.4,17573.4
2012-09-24,14.33,913.89,3.31,,14.33,22914.5,6829.6
2012-10-01,14.72,938.74,3.4,,14.72,18372.2,5571.9
2012-10-08,14.63,933.22,3.38,,14.63,4002.8,1192.7
2012-10-15,14.54,927.7,3.36,,14.54,28055.6,8274.8
2012-10-22,15.41,982.92,3.56,,15.41,40262.4,11638.7
2012-10-29,14.37,916.65,3.32,,14.37,45902.2,13181.4
2012-11-05,14.93,952.54,3.45,,14.93,31131.8,9158.2
2012-11-12,14.8,944.26,3.42,,14.8,40682.2,11907.8
2012-11-19,14.2,905.61,3.28,,14.2,31138.2,9378.4
2012-11-26,14.11,900.09,3.26,,14.11,15951.5,4833.9
2012-12-03,12.34,786.88,2.85,,12.34,27638.3,9229.7
2012-12-10,13.12,836.58,3.03,,13.12,28124.8,9682.1
2012-12-17,13.51,861.43,3.12,,13.51,29165.0,9536.8
2012-12-24,13.38,853.15,3.09,,13.38,25361.0,8166.7
2012-12-31,14.2,905.61,3.28,,14.2,41153.8,12865.6
2013-01-07,14.62,908.37,3.29,,14.62,25764.9,7902.8
2013-01-14,14.98,930.46,3.37,,14.98,48667.9,14586.9
2013-01-21,16.36,1016.05,3.68,,16.36,72583.7,20601.0
2013-01-28,16.89,1049.18,3.8,,16.89,96896.5,25980.9
2013-02-04,16.31,1013.29,3.67,,16.31,42209.3,11296.9
2013-02-11,16.85,1046.42,3.79,,16.85,47313.6,12616.0
2013-02-18,16.8,1043.66,3.78,,16.8,8255.3,2191.1
2013-02-25,15.91,988.44,3.58,,15.91,33857.9,9281.0
2013-03-04,16.45,1021.57,3.7,,16.45,37700.9,10535.4
2013-03-11,17.34,1076.79,3.9,,17.34,56233.5,14604.0
2013-03-18,16.89,1049.18,3.8,,16.89,26883.2,7052.1
2013-03-25,18.94,1176.19,4.26,,18.94,90599.2,21879.4
2013-04-01,18.8,1167.9,4.23,,18.8,63609.6,15067.4
2013-04-08,18.31,1137.53,4.12,,18.31,44512.4,10500.9
2013-04-15,18.49,1148.58,4.16,,18.49,42581.7,10065.1
2013-04-22,20.94,1300.43,4.71,,20.94,48047.0,10669.9
2013-04-29,20.0,1242.45,4.5,,20.0,66498.3,14179.4
2013-05-06,20.14,1250.73,4.53,,20.14,26535.4,5910.6
2013-05-13,20.27,1259.02,4.56,,20.27,63812.8,14401.7
2013-05-20,23.74,1474.37,5.34,,23.74,130864.5,26101.4
2013-05-27,27.2,1689.73,6.12,,27.2,295142.9,52328.4
2013-06-03,32.4,2012.77,7.29,,32.4,470160.4,63223.6
2013-06-10,27.56,1711.82,6.2,,27.56,519463.4,78230.3
2013-06-17,28.54,1772.56,6.42,,28.54,269715.2,43701.1
2013-06-24,22.58,1402.59,5.08,,22.58,329431.2,55996.5
2013-07-01,22.27,1383.26,5.01,,22.27,233973.4,46286.2
2013-07-08,21.43,1330.8,4.82,,21.43,262993.8,51158.5
2013-07-15,26.18,1626.23,5.89,,26.18,287647.3,53469.6
2013-07-22,24.0,1490.94,5.4,,24.0,286240.9,49649.5
2013-07-29,25.03,1554.44,5.63,,25.03,260049.8,44933.0
2013-08-05,25.51,1584.81,5.74,,25.51,143672.9,25438.6
2013-08-12,24.58,1526.83,5.53,,24.58,156252.9,27776.9
2013-08-19,24.31,1510.27,5.47,,24.31,143881.3,26024.4
2013-08-26,24.0,1490.94,5.4,,24.0,125762.9,23451.5
2013-09-02,24.09,1496.46,5.42,,24.09,192555.3,35856.6
2013-09-09,25.74,1598.62,5.79,,25.74,548384.8,92685.9
2013-09-16,26.27,1631.75,5.91,,26.27,323792.6,54909.7
2013-09-23,29.03,1802.93,6.53,,29.03,430224.3,67127.9
2013-09-30,27.74,1722.86,6.24,,27.74,654185.9,97370.8
2013-10-07,27.74,1722.86,6.24,,27.74,,
2013-10-14,27.65,1717.34,6.22,,27.65,281891.5,46211.5
2013-10-21,26.4,1640.03,5.94,,26.4,151917.7,25520.5
2013-10-28,24.0,1490.94,5.4,,24.0,131704.0,22905.5
2013-11-04,22.98,1427.44,5.17,,22.98,60693.5,11730.1
2013-11-11,22.14,1374.98,4.98,,22.14,58087.9,11279.1
2013-11-18,23.07,1432.96,5.19,,23.07,79365.8,15616.8
2013-11-25,23.16,1438.48,5.21,,23.16,74289.6,14092.3
2013-12-02,21.56,1339.08,4.85,,21.56,69949.5,13512.5
2013-12-09,22.23,1380.5,5.0,,22.23,62220.7,12412.0
2013-12-16,21.38,1328.04,4.81,,21.38,37138.6,7544.3
2013-12-23,20.98,1303.19,4.72,,20.98,23764.3,4966.8
2013-12-30,20.62,1281.1,4.64,,20.62,35030.7,7529.1
2014-01-06,19.63,1256.25,4.55,,19.62,17109.0,3666.4
2014-01-13,19.54,1250.73,4.53,,19.54,32801.8,7257.3
2014-01-20,20.88,1336.32,4.84,,20.88,70038.0,14467.1
2014-01-27,21.91,1402.59,5.08,,21.91,119819.0,23614.7
2014-02-03,21.48,1374.98,4.98,,21.48,54271.6,10623.3
2014-02-10,21.87,1399.83,5.07,,21.87,23423.0,4671.1
2014-02-17,22.6,1446.76,5.24,,22.6,102942.9,19794.6
2014-02-24,22.6,1446.76,5.24,,22.6,158331.9,29032.8
2014-03-03,22.6,1446.76,5.24,,22.6,91774.2,17898.0
2014-03-10,20.96,1341.85,4.86,,20.96,57674.4,11280.5
2014-03-17,22.3,1427.44,5.17,,22.3,36244.1,7269.8
2014-03-24,22.0,1408.11,5.1,,22.0,79061.6,15231.6
2014-03-31,22.43,1435.72,5.2,,22.43,77020.6,14994.9
2014-04-07,22.21,1421.91,5.15,,22.21,79771.6,15446.7
2014-04-14,22.47,1438.48,5.21,,22.47,93081.4,18003.1
2014-04-21,23.29,1490.94,5.4,,23.29,88144.7,16658.4
2014-04-28,22.39,1432.96,5.19,,22.39,68324.8,13163.2
2014-05-05,23.85,1526.83,5.53,,23.85,125953.0,23137.5
2014-05-12,24.93,1595.86,5.78,,24.93,513589.1,88552.8
2014-05-19,22.13,1416.39,5.13,,22.13,204489.4,37342.8
2014-05-26,22.13,1416.39,5.13,,22.13,79709.5,15552.6
2014-06-02,22.13,1416.39,5.13,,22.13,73978.6,14236.1
2014-06-09,23.16,1482.66,5.37,,23.16,77545.3,14733.9
2014-06-16,23.21,1485.42,5.38,,23.2,89827.5,16571.1
2014-06-23,23.08,1477.13,5.35,,23.08,67372.9,12735.5
2014-06-30,23.85,1526.83,5.53,,23.85,115266.4,21264.7
2014-07-07,24.5,1568.25,5.68,,24.5,227649.1,40193.0
2014-07-14,23.9,1529.59,5.54,,23.89,199582.8,35393.1
2014-07-21,23.51,1504.74,5.45,,23.51,62406.8,11329.9
2014-07-28,24.2,1548.92,5.61,,24.2,90694.1,16308.1
2014-08-04,24.24,1551.68,5.62,,24.24,95313.1,16917.6
2014-08-11,24.97,1598.62,5.79,,24.97,126701.0,22247.3
2014-08-18,25.71,1645.56,5.96,,25.71,175151.4,29930.4
2014-08-25,28.12,1800.17,6.52,,28.12,820987.9,125284.8
2014-09-01,27.78,1778.08,6.44,,27.78,222210.5,34505.4
2014-09-08,29.42,1883.0,6.82,,29.42,245909.6,36556.4
2014-09-15,32.09,2054.18,7.44,,32.09,479876.8,67157.8
2014-09-22,30.11,1927.18,6.98,,30.11,326951.5,45441.2
2014-09-29,31.75,2032.1,7.36,,31.74,269282.9,37505.3
2014-10-06,31.92,2043.14,7.4,,31.92,47421.1,6470.1
2014-10-13,31.1,1990.68,7.21,,31.1,234157.0,32053.2
2014-10-20,30.15,1929.94,6.99,,30.15,161972.3,22953.7
2014-10-27,32.26,2065.23,7.48,,32.26,261274.9,35664.1
2014-11-03,34.29,2194.99,7.95,,34.29,338693.6,43925.2
2014-11-10,33.21,2125.97,7.7,,33.21,229054.1,29695.4
2014-11-17,32.56,2084.55,7.55,,32.56,225875.0,29129.4
2014-11-24,34.38,2200.52,7.97,,34.38,256797.1,32302.4
2014-12-01,32.74,2095.6,7.59,,32.74,214153.5,27170.6
2014-12-08,30.88,1976.88,7.16,,30.88,223402.5,29957.8
2014-12-15,32.18,2059.71,7.46,,32.18,260855.4,36642.4
2014-12-22,28.94,1852.63,6.71,,28.94,183461.1,25675.8
2014-12-29,30.28,1938.22,7.02,,30.28,121710.4,17661.4
2015-01-05,32.37,1888.52,6.84,,29.5,61726.4,9040.2
2015-01-12,31.85,1858.15,6.73,,29.03,79366.8,11582.2
2015-01-19,31.94,1863.67,6.75,,29.11,89161.3,12917.1
2015-01-26,35.97,2098.36,7.6,,32.78,251990.6,34700.4
2015-02-02,35.68,2081.79,7.54,,32.52,324383.3,42162.1
2015-02-09,35.54,2073.51,7.51,,32.39,160251.1,21138.1
2015-02-16,38.24,2230.89,8.08,,34.85,195029.3,25044.8
2015-02-23,38.0,2217.08,8.03,,34.63,45799.5,5712.6
2015-03-02,38.57,2250.21,8.15,,35.15,226654.4,28610.4
2015-03-09,39.7,2316.48,8.39,,36.19,360184.0,43189.6
2015-03-16,42.73,2493.18,9.03,,38.95,337879.3,38982.6
2015-03-23,49.22,2871.44,10.4,,44.86,588541.3,60711.4
2015-03-30,46.95,2738.91,9.92,,42.79,510117.2,50675.7
2015-04-06,52.34,3053.67,11.06,,47.7,478203.3,45916.7
2015-04-13,51.39,2998.44,10.86,,46.84,599384.6,55730.9
2015-04-20,46.9,2736.15,9.91,,42.74,448036.5,43685.3
2015-04-27,58.78,3429.16,12.42,,53.57,1046184.0,89970.0
2015-05-04,54.04,3153.06,11.42,,49.26,1483949.0,122694.9
2015-05-11,52.29,3050.9,11.05,,47.66,717651.0,67393.6
2015-05-18,57.12,3332.53,12.07,,52.06,942793.3,82482.8
2015-05-25,61.43,3583.78,12.98,,55.98,1234177.0,97265.2
2015-06-01,59.16,3451.25,12.5,,53.91,1266938.0,99710.1
2015-06-08,72.07,4205.0,15.23,,65.69,2022417.0,142482.2
2015-06-15,79.08,4613.63,16.71,,72.07,1721684.0,107617.6
2015-06-22,73.54,4290.59,15.54,,67.03,1107657.0,67608.3
2015-06-29,57.12,3332.53,12.07,,52.06,1099343.0,78525.4
2015-07-06,37.95,2214.32,8.02,,34.59,854296.4,83036.9
2015-07-13,40.98,2391.03,8.66,,37.35,517493.1,71615.3
2015-07-20,51.02,2976.36,10.78,,46.5,1160838.0,118712.5
2015-07-27,46.61,2719.58,9.85,,42.48,739010.4,67458.3
2015-08-03,46.42,2708.54,9.81,,42.31,448558.1,45479.4
2015-08-10,62.42,3641.76,13.19,,56.89,836447.9,69827.4
2015-08-17,62.14,3625.19,13.13,,56.63,779206.9,60100.4
2015-08-24,48.37,2821.74,10.22,,44.08,543553.5,45079.2
2015-08-31,47.99,2799.65,10.14,,43.74,938242.9,104454.3
2015-09-07,50.64,2954.27,10.7,,46.15,854513.2,81384.4
2015-09-14,45.43,2650.56,9.6,,41.41,579524.5,54817.6
2015-09-21,46.42,2708.54,9.81,,42.31,629057.6,68457.6
2015-09-28,44.06,2570.49,9.31,,40.16,440961.4,47336.9
2015-10-05,44.44,2592.58,9.39,,40.5,92765.0,10102.6
2015-10-12,49.64,2896.29,10.49,,45.24,300753.5,30301.6
2015-10-19,55.7,3249.69,11.77,,50.77,1164650.0,101635.4
2015-10-26,59.91,3495.42,12.66,,54.6,1359784.0,113216.7
2015-11-02,61.57,3592.06,13.01,,56.11,1115603.0,83695.5
2015-11-09,69.99,4083.52,14.79,,63.79,1075065.0,74942.6
2015-11-16,65.92,3846.07,13.93,,60.08,837983.4,58766.9
2015-11-23,70.65,4122.17,14.93,,64.4,651848.1,45079.6
2015-11-30,65.02,3793.61,13.74,,59.26,646901.0,44385.2
2015-12-07,74.77,4362.38,15.8,,68.15,684252.0,45340.0
2015-12-14,77.42,4516.99,16.36,,70.56,944770.0,56793.9
2015-12-21,85.61,4994.64,18.09,,78.02,667874.1,37894.0
2015-12-28,79.03,4610.87,16.7,,72.03,591619.4,33491.9
2016-01-04,73.16,4268.5,15.46,,66.68,339506.6,20135.7
2016-01-11,66.49,3879.2,14.05,,60.6,533516.4,35938.7
2016-01-18,57.78,3371.18,12.21,,52.66,497689.2,39329.5
2016-01-25,65.31,3810.18,13.8,,59.52,404017.9,30783.4
2016-02-01,60.53,3531.32,12.79,,55.16,611943.3,48748.4
2016-02-08,67.67,3948.23,14.3,,61.68,377711.4,27390.2
2016-02-15,66.82,3898.53,14.12,,60.9,74011.1,5277.4
2016-02-22,74.3,4334.77,15.7,,67.72,381555.3,25316.0
2016-02-29,61.81,3605.86,13.06,,56.33,417074.5,28672.7
2016-03-07,68.53,3997.93,14.48,,62.45,431495.3,31417.7
2016-03-14,69.9,4078.0,14.77,,63.7,519173.3,34985.7
2016-03-21,73.16,4268.5,15.46,,66.68,533707.3,35159.7
2016-03-28,84.24,4914.58,17.8,,76.77,885889.9,53159.3
2016-04-04,78.32,4569.45,16.55,,71.38,564540.4,33360.5
