,MTBV,MV,P,PE,PTBV,VA,VO
1990-01-01,,,,,,,
1990-01-08,,,,,,,
1990-01-15,,,,,,,
1990-01-22,,,,,,,
1990-01-29,,,,,,,
1990-02-05,,,,,,,
1990-02-12,,,,,,,
1990-02-19,,,,,,,
1990-02-26,,,,,,,
1990-03-05,,,,,,,
1990-03-12,,,,,,,
1990-03-19,,,,,,,
1990-03-26,,,,,,,
1990-04-02,,,,,,,
1990-04-09,,,,,,,
1990-04-16,,,,,,,
1990-04-23,,,,,,,
1990-04-30,,,,,,,
1990-05-07,,,,,,,
1990-05-14,,,,,,,
1990-05-21,,,,,,,
1990-05-28,,,,,,,
1990-06-04,,,,,,,
1990-06-11,,,,,,,
1990-06-18,,,,,,,
1990-06-25,,,,,,,
1990-07-02,,,,,,,
1990-07-09,,,,,,,
1990-07-16,,,,,,,
1990-07-23,,,,,,,
1990-07-30,,,,,,,
1990-08-06,,,,,,,
1990-08-13,,,,,,,
1990-08-20,,,,,,,
1990-08-27,,,,,,,
1990-09-03,,,,,,,
1990-09-10,,,,,,,
1990-09-17,,,,,,,
1990-09-24,,,,,,,
1990-10-01,,,,,,,
1990-10-08,,,,,,,
1990-10-15,,,,,,,
1990-10-22,,,,,,,
1990-10-29,,,,,,,
1990-11-05,,,,,,,
1990-11-12,,,,,,,
1990-11-19,,,,,,,
1990-11-26,,,,,,,
1990-12-03,,,,,,,
1990-12-10,,,,,,,
1990-12-17,,,,,,,
1990-12-24,,,,,,,
1990-12-31,,,,,,,
1991-01-07,,,,,,,
1991-01-14,,,,,,,
1991-01-21,,,,,,,
1991-01-28,,,,,,,
1991-02-04,,,,,,,
1991-02-11,,,,,,,
1991-02-18,,,,,,,
1991-02-25,,,,,,,
1991-03-04,,,,,,,
1991-03-11,,,,,,,
1991-03-18,,,,,,,
1991-03-25,,,,,,,
1991-04-01,,,,,,,
1991-04-08,,,,,,,
1991-04-15,,,,,,,
1991-04-22,,,,,,,
1991-04-29,,,,,,,
1991-05-06,,,,,,,
1991-05-13,,,,,,,
1991-05-20,,,,,,,
1991-05-27,,,,,,,
1991-06-03,,,,,,,
1991-06-10,,,,,,,
1991-06-17,,,,,,,
1991-06-24,,,,,,,
1991-07-01,,,,,,,
1991-07-08,,,,,,,
1991-07-15,,,,,,,
1991-07-22,,,,,,,
1991-07-29,,,,,,,
1991-08-05,,,,,,,
1991-08-12,,,,,,,
1991-08-19,,,,,,,
1991-08-26,,,,,,,
1991-09-02,,,,,,,
1991-09-09,,,,,,,
1991-09-16,,,,,,,
1991-09-23,,,,,,,
1991-09-30,,,,,,,
1991-10-07,,,,,,,
1991-10-14,,,,,,,
1991-10-21,,,,,,,
1991-10-28,,,,,,,
1991-11-04,,,,,,,
1991-11-11,,,,,,,
1991-11-18,,,,,,,
1991-11-25,,,,,,,
1991-12-02,,,,,,,
1991-12-09,,,,,,,
1991-12-16,,,,,,,
1991-12-23,,,,,,,
1991-12-30,,,,,,,
1992-01-06,,,,,,,
1992-01-13,,,,,,,
1992-01-20,,,,,,,
1992-01-27,,,,,,,
1992-02-03,,,,,,,
1992-02-10,,,,,,,
1992-02-17,,,,,,,
1992-02-24,,,,,,,
1992-03-02,,,,,,,
1992-03-09,,,,,,,
1992-03-16,,,,,,,
1992-03-23,,,,,,,
1992-03-30,,,,,,,
1992-04-06,,,,,,,
1992-04-13,,,,,,,
1992-04-20,,,,,,,
1992-04-27,,,,,,,
1992-05-04,,,,,,,
1992-05-11,,,,,,,
1992-05-18,,,,,,,
1992-05-25,,,,,,,
1992-06-01,,,,,,,
1992-06-08,,,,,,,
1992-06-15,,,,,,,
1992-06-22,,,,,,,
1992-06-29,,,,,,,
1992-07-06,,,,,,,
1992-07-13,,,,,,,
1992-07-20,,,,,,,
1992-07-27,,,,,,,
1992-08-03,,,,,,,
1992-08-10,,,,,,,
1992-08-17,,,,,,,
1992-08-24,,,,,,,
1992-08-31,,,,,,,
1992-09-07,,,,,,,
1992-09-14,,,,,,,
1992-09-21,,,,,,,
1992-09-28,,,,,,,
1992-10-05,,,,,,,
1992-10-12,,,,,,,
1992-10-19,,,,,,,
1992-10-26,,,,,,,
1992-11-02,,,,,,,
1992-11-09,,,,,,,
1992-11-16,,,,,,,
1992-11-23,,,,,,,
1992-11-30,,,,,,,
1992-12-07,,,,,,,
1992-12-14,,,,,,,
1992-12-21,,,,,,,
1992-12-28,,,,,,,
1993-01-04,,,,,,,
1993-01-11,,,,,,,
1993-01-18,,,,,,,
1993-01-25,,,,,,,
1993-02-01,,,,,,,
1993-02-08,,,,,,,
1993-02-15,,,,,,,
1993-02-22,,,,,,,
1993-03-01,,,,,,,
1993-03-08,,,,,,,
1993-03-15,,,,,,,
1993-03-22,,,,,,,
1993-03-29,,,,,,,
1993-04-05,,,,,,,
1993-04-12,,,,,,,
1993-04-19,,,,,,,
1993-04-26,,,,,,,
1993-05-03,,,,,,,
1993-05-10,,,,,,,
1993-05-17,,,,,,,
1993-05-24,,,,,,,
1993-05-31,,,,,,,
1993-06-07,,,,,,,
1993-06-14,,,,,,,
1993-06-21,,,,,,,
1993-06-28,,,,,,,
1993-07-05,,,,,,,
1993-07-12,,,,,,,
1993-07-19,,,,,,,
1993-07-26,,,,,,,
1993-08-02,,,,,,,
1993-08-09,,,,,,,
1993-08-16,,,,,,,
1993-08-23,,,,,,,
1993-08-30,,,,,,,
1993-09-06,,,,,,,
1993-09-13,,,,,,,
1993-09-20,,,,,,,
1993-09-27,,,,,,,
1993-10-04,,,,,,,
1993-10-11,,,,,,,
1993-10-18,,,,,,,
1993-10-25,,,,,,,
1993-11-01,,,,,,,
1993-11-08,,,,,,,
1993-11-15,,,,,,,
1993-11-22,,,,,,,
1993-11-29,,,,,,,
1993-12-06,,,,,,,
1993-12-13,,,,,,,
1993-12-20,,,,,,,
1993-12-27,,,,,,,
1994-01-03,,,,,,,
1994-01-10,,,,,,,
1994-01-17,,,,,,,
1994-01-24,,,,,,,
1994-01-31,,,,,,,
1994-02-07,,,,,,,
1994-02-14,,,,,,,
1994-02-21,,,,,,,
1994-02-28,,,,,,,
1994-03-07,,,,,,,
1994-03-14,,,,,,,
1994-03-21,,,,,,,
1994-03-28,,,,,,,
1994-04-04,,,,,,,
1994-04-11,,,,,,,
1994-04-18,,,,,,,
1994-04-25,,,,,,,
1994-05-02,,,,,,,
1994-05-09,,,,,,,
1994-05-16,,,,,,,
1994-05-23,,,,,,,
1994-05-30,,,,,,,
1994-06-06,,,,,,,
1994-06-13,,,,,,,
1994-06-20,,,,,,,
1994-06-27,,,,,,,
1994-07-04,,,,,,,
1994-07-11,,,,,,,
1994-07-18,,,,,,,
1994-07-25,,,,,,,
1994-08-01,,,,,,,
1994-08-08,,,,,,,
1994-08-15,,,,,,,
1994-08-22,,,,,,,
1994-08-29,,,,,,,
1994-09-05,,,,,,,
1994-09-12,,,,,,,
1994-09-19,,,,,,,
1994-09-26,,,,,,,
1994-10-03,,,,,,,
1994-10-10,,,,,,,
1994-10-17,,,,,,,
1994-10-24,,,,,,,
1994-10-31,,,,,,,
1994-11-07,,,,,,,
1994-11-14,,,,,,,
1994-11-21,,,,,,,
1994-11-28,,,,,,,
1994-12-05,,,,,,,
1994-12-12,,,,,,,
1994-12-19,,,,,,,
1994-12-26,,,,,,,
1995-01-02,,,,,,,
1995-01-09,,,,,,,
1995-01-16,,,,,,,
1995-01-23,,,,,,,
1995-01-30,,,,,,,
1995-02-06,,,,,,,
1995-02-13,,,,,,,
1995-02-20,,,,,,,
1995-02-27,,,,,,,
1995-03-06,,,,,,,
1995-03-13,,,,,,,
1995-03-20,,,,,,,
1995-03-27,,,,,,,
1995-04-03,,,,,,,
1995-04-10,,,,,,,
1995-04-17,,,,,,,
1995-04-24,,,,,,,
1995-05-01,,,,,,,
1995-05-08,,,,,,,
1995-05-15,,,,,,,
1995-05-22,,,,,,,
1995-05-29,,,,,,,
1995-06-05,,,,,,,
1995-06-12,,,,,,,
1995-06-19,,,,,,,
1995-06-26,,,,,,,
1995-07-03,,,,,,,
1995-07-10,,,,,,,
1995-07-17,,,,,,,
1995-07-24,,,,,,,
1995-07-31,,,,,,,
1995-08-07,,,,,,,
1995-08-14,,,,,,,
1995-08-21,,,,,,,
1995-08-28,,,,,,,
1995-09-04,,,,,,,
1995-09-11,,,,,,,
1995-09-18,,,,,,,
1995-09-25,,,,,,,
1995-10-02,,,,,,,
1995-10-09,,,,,,,
1995-10-16,,,,,,,
1995-10-23,,,,,,,
1995-10-30,,,,,,,
1995-11-06,,,,,,,
1995-11-13,,,,,,,
1995-11-20,,,,,,,
1995-11-27,,,,,,,
1995-12-04,,,,,,,
1995-12-11,,,,,,,
1995-12-18,,,,,,,
1995-12-25,,,,,,,
1996-01-01,,,,,,,
1996-01-08,,,,,,,
1996-01-15,,,,,,,
1996-01-22,,,,,,,
1996-01-29,,,,,,,
1996-02-05,,,,,,,
1996-02-12,,,,,,,
1996-02-19,,,,,,,
1996-02-26,,,,,,,
1996-03-04,,,,,,,
1996-03-11,,,,,,,
1996-03-18,,,,,,,
1996-03-25,,,,,,,
1996-04-01,,,,,,,
1996-04-08,,,,,,,
1996-04-15,,,,,,,
1996-04-22,,,,,,,
1996-04-29,,,,,,,
1996-05-06,,,,,,,
1996-05-13,,,,,,,
1996-05-20,,,,,,,
1996-05-27,,,,,,,
1996-06-03,,,,,,,
1996-06-10,,,,,,,
1996-06-17,,,,,,,
1996-06-24,,,,,,,
1996-07-01,,,,,,,
1996-07-08,,,,,,,
1996-07-15,,,,,,,
1996-07-22,,,,,,,
1996-07-29,,,,,,,
1996-08-05,,,,,,,
1996-08-12,,,,,,,
1996-08-19,,,,,,,
1996-08-26,,,,,,,
1996-09-02,,,,,,,
1996-09-09,,,,,,,
1996-09-16,,,,,,,
1996-09-23,,,,,,,
1996-09-30,,,,,,,
1996-10-07,,,,,,,
1996-10-14,,,,,,,
1996-10-21,,,,,,,
1996-10-28,,,,,,,
1996-11-04,,,,,,,
1996-11-11,,,,,,,
1996-11-18,,,,,,,
1996-11-25,,,,,,,
1996-12-02,,,,,,,
1996-12-09,,,,,,,
1996-12-16,,,,,,,
1996-12-23,,,,,,,
1996-12-30,,,,,,,
1997-01-06,,,,,,,
1997-01-13,,,,,,,
1997-01-20,,,,,,,
1997-01-27,,,,,,,
1997-02-03,,,,,,,
1997-02-10,,,,,,,
1997-02-17,,,,,,,
1997-02-24,,,,,,,
1997-03-03,,,,,,,
1997-03-10,,,,,,,
1997-03-17,,,,,,,
1997-03-24,,,,,,,
1997-03-31,,,,,,,
1997-04-07,,,,,,,
1997-04-14,,,,,,,
1997-04-21,,,,,,,
1997-04-28,,,,,,,
1997-05-05,,,,,,,
1997-05-12,,,,,,,
1997-05-19,,,,,,,
1997-05-26,,,,,,,
1997-06-02,,,,,,,
1997-06-09,,,,,,,
1997-06-16,,,,,,,
1997-06-23,,,,,,,
1997-06-30,,,,,,,
1997-07-07,,,,,,,
1997-07-14,,,,,,,
1997-07-21,,,,,,,
1997-07-28,,,,,,,
1997-08-04,,,,,,,
1997-08-11,,,,,,,
1997-08-18,,,,,,,
1997-08-25,,,,,,,
1997-09-01,,,,,,,
1997-09-08,,,,,,,
1997-09-15,,,,,,,
1997-09-22,,,,,,,
1997-09-29,,,,,,,
1997-10-06,,,,,,,
1997-10-13,,,,,,,
1997-10-20,,,,,,,
1997-10-27,,,,,,,
1997-11-03,,,,,,,
1997-11-10,,,,,,,
1997-11-17,,,,,,,
1997-11-24,,,,,,,
1997-12-01,,,,,,,
1997-12-08,,,,,,,
1997-12-15,,,,,,,
1997-12-22,,,,,,,
1997-12-29,,,,,,,
1998-01-05,,,,,,,
1998-01-12,,,,,,,
1998-01-19,,,,,,,
1998-01-26,,,,,,,
1998-02-02,,,,,,,
1998-02-09,,,,,,,
1998-02-16,,,,,,,
1998-02-23,,,,,,,
1998-03-02,,,,,,,
1998-03-09,,,,,,,
1998-03-16,,,,,,,
1998-03-23,,,,,,,
1998-03-30,,,,,,,
1998-04-06,,,,,,,
1998-04-13,,,,,,,
1998-04-20,,,,,,,
1998-04-27,,,,,,,
1998-05-04,,,,,,,
1998-05-11,,,,,,,
1998-05-18,,,,,,,
1998-05-25,,,,,,,
1998-06-01,,,,,,,
1998-06-08,,,,,,,
1998-06-15,,,,,,,
1998-06-22,,,,,,,
1998-06-29,,,,,,,
1998-07-06,,,,,,,
1998-07-13,,,,,,,
1998-07-20,,,,,,,
1998-07-27,,,,,,,
1998-08-03,,,,,,,
1998-08-10,,,,,,,
1998-08-17,,,,,,,
1998-08-24,,,,,,,
1998-08-31,,,,,,,
1998-09-07,,,,,,,
1998-09-14,,,,,,,
1998-09-21,,,,,,,
1998-09-28,,,,,,,
1998-10-05,,,,,,,
1998-10-12,,,,,,,
1998-10-19,,,,,,,
1998-10-26,,,,,,,
1998-11-02,,,,,,,
1998-11-09,,,,,,,
1998-11-16,,,,,,,
1998-11-23,,,,,,,
1998-11-30,,,,,,,
1998-12-07,,,,,,,
1998-12-14,,,,,,,
1998-12-21,,,,,,,
1998-12-28,,,,,,,
1999-01-04,,,,,,,
1999-01-11,,,,,,,
1999-01-18,,,,,,,
1999-01-25,,,,,,,
1999-02-01,,,,,,,
1999-02-08,,,,,,,
1999-02-15,,,,,,,
1999-02-22,,,,,,,
1999-03-01,,,,,,,
1999-03-08,,,,,,,
1999-03-15,,,,,,,
1999-03-22,,,,,,,
1999-03-29,,,,,,,
1999-04-05,,,,,,,
1999-04-12,,,,,,,
1999-04-19,,,,,,,
1999-04-26,,,,,,,
1999-05-03,,,,,,,
1999-05-10,,,,,,,
1999-05-17,,,,,,,
1999-05-24,,,,,,,
1999-05-31,,,,,,,
1999-06-07,,,,,,,
1999-06-14,,,,,,,
1999-06-21,,,,,,,
1999-06-28,,,,,,,
1999-07-05,,,,,,,
1999-07-12,,,,,,,
1999-07-19,,,,,,,
1999-07-26,,,,,,,
1999-08-02,,,,,,,
1999-08-09,,,,,,,
1999-08-16,,,,,,,
1999-08-23,,,,,,,
1999-08-30,,,,,,,
1999-09-06,,,,,,,
1999-09-13,,,,,,,
1999-09-20,,,,,,,
1999-09-27,,,,,,,
1999-10-04,,,,,,,
1999-10-11,,,,,,,
1999-10-18,,,,,,,
1999-10-25,,,,,,,
1999-11-01,,,,,,,
1999-11-08,,,,,,,
1999-11-15,,,,,,,
1999-11-22,,,,,,,
1999-11-29,,,,,,,
1999-12-06,,,,,,,
1999-12-13,,,,,,,
1999-12-20,,,,,,,
1999-12-27,,,,,,,
2000-01-03,,,,,,,
2000-01-10,,,,,,,
2000-01-17,,,,,,,
2000-01-24,,,,,,,
2000-01-31,,,,,,,
2000-02-07,,,,,,,
2000-02-14,,,,,,,
2000-02-21,,,,,,,
2000-02-28,,,,,,,
2000-03-06,,,,,,,
2000-03-13,,,,,,,
2000-03-20,,,,,,,
2000-03-27,,,,,,,
2000-04-03,,,,,,,
2000-04-10,,,,,,,
2000-04-17,,,,,,,
2000-04-24,,,,,,,
2000-05-01,,,,,,,
2000-05-08,,,,,,,
2000-05-15,,,,,,,
2000-05-22,,,,,,,
2000-05-29,,,,,,,
2000-06-05,,,,,,,
2000-06-12,,,,,,,
2000-06-19,,,,,,,
2000-06-26,,,,,,,
2000-07-03,,,,,,,
2000-07-10,,,,,,,
2000-07-17,,,,,,,
2000-07-24,,,,,,,
2000-07-31,,,,,,,
2000-08-07,,,,,,,
2000-08-14,,,,,,,
2000-08-21,,,,,,,
2000-08-28,,,,,,,
2000-09-04,,,,,,,
2000-09-11,,,,,,,
2000-09-18,,,,,,,
2000-09-25,,,,,,,
2000-10-02,,,,,,,
2000-10-09,,,,,,,
2000-10-16,,,,,,,
2000-10-23,,,,,,,
2000-10-30,,,,,,,
2000-11-06,,,,,,,
2000-11-13,,,,,,,
2000-11-20,,,,,,,
2000-11-27,,,,,,,
2000-12-04,,,,,,,
2000-12-11,,,,,,,
2000-12-18,,,,,,,
2000-12-25,,,,,,,
2001-01-01,,,,,,,
2001-01-08,,,,,,,
2001-01-15,,,,,,,
2001-01-22,,,,,,,
2001-01-29,,,,,,,
2001-02-05,,,,,,,
2001-02-12,,,,,,,
2001-02-19,,,,,,,
2001-02-26,,,,,,,
2001-03-05,,,,,,,
2001-03-12,,,,,,,
2001-03-19,,,,,,,
2001-03-26,,,,,,,
2001-04-02,,,,,,,
2001-04-09,,,,,,,
2001-04-16,,,,,,,
2001-04-23,,,,,,,
2001-04-30,,,,,,,
2001-05-07,,,,,,,
2001-05-14,,,,,,,
2001-05-21,,,,,,,
2001-05-28,,,,,,,
2001-06-04,,,,,,,
2001-06-11,,,,,,,
2001-06-18,,,,,,,
2001-06-25,,,,,,,
2001-07-02,,,,,,,
2001-07-09,,,,,,,
2001-07-16,,,,,,,
2001-07-23,,,,,,,
2001-07-30,,,,,,,
2001-08-06,,,,,,,
2001-08-13,,,,,,,
2001-08-20,,,,,,,
2001-08-27,,,,,,,
2001-09-03,,,,,,,
2001-09-10,,,,,,,
2001-09-17,,,,,,,
2001-09-24,,,,,,,
2001-10-01,,,,,,,
2001-10-08,,,,,,,
2001-10-15,,,,,,,
2001-10-22,,,,,,,
2001-10-29,,,,,,,
2001-11-05,,,,,,,
2001-11-12,,,,,,,
2001-11-19,,,,,,,
2001-11-26,,,,,,,
2001-12-03,,,,,,,
2001-12-10,,,,,,,
2001-12-17,,,,,,,
2001-12-24,,,,,,,
2001-12-31,,,,,,,
2002-01-07,,,,,,,
2002-01-14,,,,,,,
2002-01-21,,,,,,,
2002-01-28,,,,,,,
2002-02-04,,,,,,,
2002-02-11,,,,,,,
2002-02-18,,,,,,,
2002-02-25,,,,,,,
2002-03-04,,,,,,,
2002-03-11,,,,,,,
2002-03-18,,,,,,,
2002-03-25,,,,,,,
2002-04-01,,,,,,,
2002-04-08,,,,,,,
2002-04-15,,,,,,,
2002-04-22,,,,,,,
2002-04-29,,,,,,,
2002-05-06,,,,,,,
2002-05-13,,,,,,,
2002-05-20,,,,,,,
2002-05-27,,,,,,,
2002-06-03,,,,,,,
2002-06-10,,,,,,,
2002-06-17,,,,,,,
2002-06-24,,,,,,,
2002-07-01,,,,,,,
2002-07-08,,,,,,,
2002-07-15,,,,,,,
2002-07-22,,,,,,,
2002-07-29,,,,,,,
2002-08-05,,,,,,,
2002-08-12,,,,,,,
2002-08-19,,,,,,,
2002-08-26,,,,,,,
2002-09-02,,,,,,,
2002-09-09,,,,,,,
2002-09-16,,,,,,,
2002-09-23,,,,,,,
2002-09-30,,,,,,,
2002-10-07,,,,,,,
2002-10-14,,,,,,,
2002-10-21,,,,,,,
2002-10-28,,,,,,,
2002-11-04,,,,,,,
2002-11-11,,,,,,,
2002-11-18,,,,,,,
2002-11-25,,,,,,,
2002-12-02,,,,,,,
2002-12-09,,,,,,,
2002-12-16,,,,,,,
2002-12-23,,,,,,,
2002-12-30,,,,,,,
2003-01-06,,,,,,,
2003-01-13,,,,,,,
2003-01-20,,,,,,,
2003-01-27,,,,,,,
2003-02-03,,,,,,,
2003-02-10,,,,,,,
2003-02-17,,,,,,,
2003-02-24,,,,,,,
2003-03-03,,,,,,,
2003-03-10,,,,,,,
2003-03-17,,,,,,,
2003-03-24,,,,,,,
2003-03-31,,,,,,,
2003-04-07,,,,,,,
2003-04-14,,,,,,,
2003-04-21,,,,,,,
2003-04-28,,,,,,,
2003-05-05,,,,,,,
2003-05-12,,,,,,,
2003-05-19,,,,,,,
2003-05-26,,,,,,,
2003-06-02,,,,,,,
2003-06-09,,,,,,,
2003-06-16,,,,,,,
2003-06-23,,,,,,,
2003-06-30,,,,,,,
2003-07-07,,,,,,,
2003-07-14,,,,,,,
2003-07-21,,,,,,,
2003-07-28,,,,,,,
2003-08-04,,,,,,,
2003-08-11,,,,,,,
2003-08-18,,,,,,,
2003-08-25,,,,,,,
2003-09-01,,,,,,,
2003-09-08,,,,,,,
2003-09-15,,,,,,,
2003-09-22,,,,,,,
2003-09-29,,,,,,,
2003-10-06,,,,,,,
2003-10-13,,,,,,,
2003-10-20,,,,,,,
2003-10-27,,,,,,,
2003-11-03,,,,,,,
2003-11-10,,,,,,,
2003-11-17,,,,,,,
2003-11-24,,,,,,,
2003-12-01,,,,,,,
2003-12-08,,,,,,,
2003-12-15,,,,,,,
2003-12-22,,,,,,,
2003-12-29,,,,,,,
2004-01-05,,,,,,,
2004-01-12,,,,,,,
2004-01-19,,,,,,,
2004-01-26,,,,,,,
2004-02-02,,,,,,,
2004-02-09,,,,,,,
2004-02-16,,,,,,,
2004-02-23,,,,,,,
2004-03-01,,,,,,,
2004-03-08,,,,,,,
2004-03-15,,,,,,,
2004-03-22,,,,,,,
2004-03-29,,,,,,,
2004-04-05,,,,,,,
2004-04-12,,,,,,,
2004-04-19,,,,,,,
2004-04-26,,,,,,,
2004-05-03,,,,,,,
2004-05-10,,,,,,,
2004-05-17,,,,,,,
2004-05-24,,,,,,,
2004-05-31,,,,,,,
2004-06-07,,,,,,,
2004-06-14,,,,,,,
2004-06-21,,,,,,,
2004-06-28,,,,,,,
2004-07-05,3.37,659.0,2.14,,3.37,,78465.8
2004-07-12,2.95,577.0,1.87,,2.95,,133280.8
2004-07-19,3.03,591.0,1.92,,3.03,,72918.8
2004-07-26,2.92,570.0,1.85,,2.92,,34621.8
2004-08-02,2.93,571.5,1.85,,2.93,,43777.3
2004-08-09,2.82,550.0,1.78,,2.82,,30953.0
2004-08-16,2.52,491.5,1.59,,2.52,,18283.4
2004-08-23,2.28,445.0,1.44,,2.28,,19507.1
2004-08-30,2.27,444.0,1.44,,2.27,,12701.1
2004-09-06,2.29,447.0,1.45,,2.29,,12249.2
2004-09-13,2.14,418.0,1.36,,2.14,,7972.9
2004-09-20,2.64,515.0,1.67,,2.64,,51780.9
2004-09-27,2.59,505.0,1.64,,2.59,,57826.0
2004-10-04,2.53,495.0,1.6,,2.54,,10836.1
2004-10-11,2.77,541.0,1.75,,2.77,,22185.7
2004-10-18,2.41,471.0,1.53,,2.41,,30694.8
2004-10-25,2.36,461.5,1.5,,2.36,,16186.8
2004-11-01,2.3,449.0,1.46,,2.3,,26350.6
2004-11-08,2.32,453.5,1.47,,2.32,,12348.1
2004-11-15,2.48,484.5,1.57,,2.48,,24387.3
2004-11-22,2.49,485.5,1.57,,2.49,,11538.2
2004-11-29,2.33,455.0,1.48,,2.33,,12177.4
2004-12-06,2.34,457.5,1.48,,2.34,,9032.2
2004-12-13,2.3,450.0,1.46,,2.3,,5228.4
2004-12-20,2.17,423.0,1.37,,2.17,,5187.4
2004-12-27,2.18,426.5,1.38,,2.18,,4191.9
2005-01-03,2.05,401.0,1.3,,2.05,,4177.6
2005-01-10,2.08,407.5,1.32,,2.08,,3657.4
2005-01-17,2.01,394.0,1.28,,2.01,,4928.3
2005-01-24,2.05,400.5,1.3,,2.05,,11311.5
2005-01-31,1.81,353.5,1.15,,1.81,,6074.6
2005-02-07,1.9,372.0,1.21,,1.9,,5150.5
2005-02-14,1.9,372.0,1.21,,1.9,,
2005-02-21,1.93,377.0,1.22,,1.93,,3570.6
2005-02-28,2.0,392.0,1.27,,2.0,,19472.8
2005-03-07,1.95,380.5,1.23,38.1,1.95,,8999.2
2005-03-14,1.9,372.5,1.21,37.3,1.9,,11412.0
2005-03-21,1.86,363.0,1.18,36.3,1.86,,5553.0
2005-03-28,1.78,349.0,1.13,34.9,1.78,,5806.4
2005-04-04,1.71,333.5,1.08,33.4,1.71,,5616.9
2005-04-11,1.83,358.5,1.16,35.9,1.83,,8721.6
2005-04-18,1.65,323.5,1.05,32.4,1.65,,8358.7
2005-04-25,1.44,281.0,0.91,28.1,1.44,,8582.3
2005-05-02,1.39,272.0,0.88,27.2,1.39,,8025.4
2005-05-09,1.3,255.0,0.83,37.7,1.3,,1735.1
2005-05-16,1.42,278.0,0.9,41.1,1.42,,11931.1
2005-05-23,1.32,257.5,0.83,38.0,1.32,,6531.8
2005-05-30,1.43,279.0,0.9,41.2,1.43,,6075.1
2005-06-06,1.47,287.5,0.93,42.5,1.47,,8213.9
2005-06-13,1.54,302.0,0.98,44.6,1.54,,26186.1
2005-06-20,1.69,330.0,1.07,48.8,1.69,,30215.1
2005-06-27,1.76,344.5,1.12,50.9,1.76,,39740.3
2005-07-04,1.52,297.5,0.96,44.0,1.52,,22928.1
2005-07-11,1.41,276.5,0.9,40.8,1.41,,11467.9
2005-07-18,1.42,278.5,0.9,41.1,1.42,,9646.0
2005-07-25,1.44,282.0,0.91,41.7,1.44,,10599.2
2005-08-01,1.61,314.0,1.02,46.4,1.61,,23152.9
2005-08-08,1.91,374.5,1.21,55.3,1.91,,30250.2
2005-08-15,2.16,423.0,1.37,62.5,2.16,,97672.9
2005-08-22,1.94,378.5,1.23,55.9,1.94,,51617.0
2005-08-29,1.99,390.0,1.26,57.6,1.99,,32846.6
2005-09-05,2.15,420.5,1.36,62.1,2.15,,34840.1
2005-09-12,2.24,438.5,1.42,64.8,2.24,,56400.6
2005-09-19,2.24,438.5,1.42,64.8,2.24,,
2005-09-26,2.01,392.5,1.27,58.0,2.01,,11265.4
2005-10-03,2.07,405.0,1.31,59.8,2.07,,22014.8
2005-10-10,2.07,405.0,1.31,59.8,2.07,,
2005-10-17,2.07,405.0,1.31,59.8,2.07,,
2005-10-24,2.07,405.0,1.31,48.3,2.07,,
2005-10-31,2.07,405.0,1.31,48.3,2.07,,
2005-11-07,1.62,317.5,1.03,37.8,1.62,,36195.9
2005-11-14,1.64,321.5,1.04,38.3,1.64,,43854.1
2005-11-21,1.67,326.5,1.06,38.9,1.67,,19177.8
2005-11-28,1.67,327.5,1.06,39.0,1.67,,32326.5
2005-12-05,1.68,328.5,1.06,39.2,1.68,,64369.7
2005-12-12,1.75,342.5,1.11,40.8,1.75,,24858.1
2005-12-19,1.76,344.0,1.12,41.0,1.76,,26759.5
2005-12-26,1.75,343.0,1.11,40.9,1.75,,21301.0
2006-01-02,1.64,341.0,1.11,40.6,1.64,,15324.0
2006-01-09,1.74,361.0,1.17,43.0,1.74,,29156.0
2006-01-16,1.81,376.0,1.22,44.8,1.81,,45987.4
2006-01-23,1.86,387.0,1.25,46.1,1.86,,31797.5
2006-01-30,1.7,354.0,1.15,37.5,1.7,,25203.0
2006-02-06,1.73,359.0,1.16,38.0,1.73,,5703.4
2006-02-13,1.69,352.0,1.14,37.2,1.69,,24575.8
2006-02-20,1.53,318.0,1.03,33.6,1.53,,20908.0
2006-02-27,1.57,326.5,1.06,34.5,1.57,,9022.4
2006-03-06,1.52,316.0,1.02,33.4,1.52,,11107.7
2006-03-13,1.48,308.5,1.0,32.6,1.48,,8312.4
2006-03-20,1.55,321.5,1.04,34.0,1.55,,11817.2
2006-03-27,1.65,344.0,1.12,36.4,1.65,,48072.4
2006-04-03,1.63,340.0,1.1,36.0,1.63,,20070.7
2006-04-10,1.65,342.6,1.11,36.2,1.65,,25654.7
2006-04-17,1.7,354.6,1.15,37.5,1.7,,31167.8
2006-04-24,1.62,337.8,1.1,35.7,1.62,,42977.8
2006-05-01,1.61,334.8,1.09,35.4,1.61,,28980.9
2006-05-08,1.64,340.2,1.1,36.0,1.64,,6931.0
2006-05-15,1.87,388.2,1.26,41.1,1.87,,77460.4
2006-05-22,2.0,415.8,1.35,44.0,2.0,,74168.6
2006-05-29,1.92,400.2,1.3,42.3,1.92,,44002.6
2006-06-05,2.25,468.6,1.52,43.0,2.25,,96788.1
2006-06-12,1.97,409.8,1.33,37.6,1.97,,53209.4
2006-06-19,2.13,444.0,1.44,40.7,2.13,,48260.0
2006-06-26,2.25,468.0,1.52,42.9,2.25,,51726.0
2006-07-03,2.45,508.8,1.65,46.7,2.45,,73347.8
2006-07-10,2.71,562.8,1.82,51.6,2.71,,63396.3
2006-07-17,2.91,604.8,1.96,55.5,2.91,,104808.9
2006-07-24,2.65,552.0,1.79,50.6,2.65,,39105.1
2006-07-31,2.34,487.2,1.58,44.7,2.34,,32478.5
2006-08-07,2.08,432.0,1.4,39.6,2.08,,24540.6
2006-08-14,2.12,440.4,1.43,40.4,2.12,,24935.9
2006-08-21,2.23,463.8,1.5,42.5,2.23,,24905.8
2006-08-28,2.41,501.0,1.62,35.1,2.41,,39397.1
2006-09-04,2.54,527.4,1.71,37.0,2.54,,43437.5
2006-09-11,2.64,549.0,1.78,38.5,2.64,,44484.4
2006-09-18,2.61,543.6,1.76,38.1,2.61,,42749.3
2006-09-25,2.7,561.6,1.82,39.4,2.7,,41531.6
2006-10-02,2.77,575.4,1.87,40.3,2.77,,32202.3
2006-10-09,2.86,594.0,1.93,41.6,2.86,,9607.0
2006-10-16,2.68,557.4,1.81,39.1,2.68,,43517.3
2006-10-23,2.5,519.6,1.68,36.4,2.5,,26440.6
2006-10-30,2.43,505.8,1.64,39.4,2.43,,17655.3
2006-11-06,2.44,507.6,1.65,39.6,2.44,,18456.8
2006-11-13,2.21,460.2,1.49,35.9,2.21,,17818.6
2006-11-20,2.21,460.2,1.49,35.9,2.21,,14386.4
2006-11-27,2.44,507.6,1.65,39.6,2.44,,19765.0
2006-12-04,2.42,503.4,1.63,39.2,2.42,,28930.3
2006-12-11,2.24,465.6,1.51,36.3,2.24,,28387.1
2006-12-18,2.28,474.6,1.54,37.0,2.28,,23435.3
2006-12-25,2.39,497.4,1.61,38.8,2.39,,47959.9
2007-01-01,1.2,463.2,1.5,36.1,1.43,,23464.2
2007-01-08,1.28,496.8,1.61,38.7,1.53,,22138.5
2007-01-15,1.32,510.0,1.65,39.8,1.57,,57407.6
2007-01-22,1.53,590.4,1.91,46.0,1.82,,72981.9
2007-01-29,1.59,613.8,1.99,47.9,1.89,,66115.6
2007-02-05,1.81,701.4,2.27,49.0,2.16,,150197.9
2007-02-12,1.86,719.4,2.33,50.3,2.21,,74945.6
2007-02-19,1.9,736.8,2.39,51.5,2.27,,50182.4
2007-02-26,1.92,743.4,2.41,52.0,2.29,,13096.5
2007-03-05,1.86,717.6,2.33,50.2,2.21,,76844.3
2007-03-12,1.94,751.2,2.44,52.5,2.31,,53186.7
2007-03-19,1.99,771.6,2.5,54.0,2.37,,63269.3
2007-03-26,2.21,854.4,2.77,59.7,2.63,,95003.1
2007-04-02,2.09,807.0,2.62,56.4,2.48,,55552.5
2007-04-09,2.19,847.8,2.75,59.3,2.61,,49530.5
2007-04-16,2.31,892.2,2.89,62.4,2.74,,77800.4
2007-04-23,2.65,1026.0,3.33,71.7,3.16,,117572.4
2007-04-30,2.48,959.4,3.11,67.1,2.95,,73293.5
2007-05-07,2.48,959.4,3.11,67.1,2.95,,
2007-05-14,2.52,973.2,3.16,66.0,2.99,,50529.9
2007-05-21,2.87,1110.0,3.6,75.2,3.41,,77963.7
2007-05-28,2.71,1047.6,3.4,71.0,3.22,,57192.5
2007-06-04,2.45,948.0,3.07,64.2,2.92,,150489.3
2007-06-11,2.8,1083.0,3.51,73.4,3.33,,90844.9
2007-06-18,3.61,1398.0,4.53,94.7,4.3,,109839.1
2007-06-25,3.76,1455.0,4.72,98.6,4.48,,124400.4
2007-07-02,3.31,1280.4,4.15,86.8,3.94,,69928.9
2007-07-09,3.62,1401.0,4.54,94.9,4.31,,54235.5
2007-07-16,3.51,1356.0,4.4,91.9,4.17,,42140.6
2007-07-23,4.37,1691.46,4.61,96.3,4.37,,33438.8
2007-07-30,5.02,1940.65,5.29,110.5,5.02,,77670.8
2007-08-06,4.69,1813.56,4.94,103.3,4.69,,60848.9
2007-08-13,4.49,1735.73,4.73,98.8,4.49,,47225.1
2007-08-20,4.63,1790.71,4.88,102.0,4.63,,26971.2
2007-08-27,4.89,1890.67,5.15,94.0,4.89,,46234.0
2007-09-03,4.84,1870.68,5.1,93.0,4.84,,34100.4
2007-09-10,4.75,1838.55,5.01,91.4,4.75,,48007.8
2007-09-17,4.44,1717.88,4.68,85.4,4.44,,33067.2
2007-09-24,4.25,1642.2,4.47,81.7,4.25,,25347.4
2007-10-01,4.35,1681.47,4.58,83.6,4.35,,11824.6
2007-10-08,4.26,1649.34,4.49,82.0,4.26,,2472.3
2007-10-15,3.84,1487.26,4.05,74.0,3.84,,18156.1
2007-10-22,3.92,1516.54,4.13,75.4,3.92,,25857.1
2007-10-29,3.46,1338.75,3.65,61.8,3.46,,10943.6
2007-11-05,3.44,1329.47,3.62,61.4,3.44,,9135.4
2007-11-12,3.11,1203.09,3.28,55.6,3.11,,5317.0
2007-11-19,3.57,1379.45,3.76,63.7,3.57,,9973.6
2007-11-26,3.39,1311.62,3.57,60.6,3.39,,10422.6
2007-12-03,3.52,1360.88,3.71,62.9,3.52,,18169.2
2007-12-10,3.65,1410.86,3.84,65.2,3.65,,9000.6
2007-12-17,3.55,1371.59,3.74,63.3,3.55,,26642.6
2007-12-24,3.83,1482.98,4.04,68.5,3.83,,21008.4
2007-12-31,3.94,1525.82,4.16,70.5,3.94,,25023.8
2008-01-07,4.12,1688.61,4.6,78.0,4.12,,25154.2
2008-01-14,4.01,1642.2,4.47,75.8,4.01,,20697.2
2008-01-21,3.7,1513.68,4.12,69.9,3.7,,29590.1
2008-01-28,3.29,1347.32,3.67,62.2,3.29,,21215.8
2008-02-04,3.36,1377.31,3.75,63.6,3.36,,10885.8
2008-02-11,3.34,1369.45,3.73,63.3,3.34,,2329.9
2008-02-18,3.42,1399.44,3.81,64.6,3.42,,4845.5
2008-02-25,3.64,1490.12,4.06,68.8,3.64,,38149.8
2008-03-03,3.9,1599.36,4.36,67.9,3.9,,23439.5
2008-03-10,3.81,1560.09,4.25,66.2,3.81,,21775.4
2008-03-17,3.09,1266.64,3.45,53.8,3.09,,12075.0
2008-03-24,3.05,1250.21,3.41,53.1,3.05,,13669.1
2008-03-31,2.87,1176.67,3.21,49.9,2.87,,7822.7
2008-04-07,2.69,1100.27,3.0,46.7,2.69,,6629.6
2008-04-14,2.46,1006.74,2.74,42.7,2.46,,8680.9
2008-04-21,2.32,950.33,2.59,40.3,2.32,,11461.3
2008-04-28,2.5,1022.8,2.79,45.3,2.5,,14943.9
2008-05-05,2.81,1152.4,3.14,51.0,2.81,,18460.5
2008-05-12,3.92,1606.5,4.38,71.1,3.92,,128234.8
2008-05-19,3.52,1440.49,3.92,63.7,3.52,,105423.3
2008-05-26,3.2,1311.97,3.57,58.1,3.2,,69660.2
2008-06-02,3.73,1529.39,4.17,67.7,3.73,,113420.2
2008-06-09,3.34,1366.6,3.72,60.5,3.34,,65323.4
2008-06-16,2.69,1103.13,3.01,48.8,2.69,,36354.7
2008-06-23,2.58,1056.01,2.88,46.7,2.58,,65514.8
2008-06-30,2.86,1169.53,3.19,51.8,2.86,,63170.0
2008-07-07,3.05,1247.71,3.4,55.2,3.05,,45190.1
2008-07-14,3.12,1278.77,3.48,56.6,3.12,192469.7,55319.0
2008-07-21,2.93,1198.45,3.26,53.0,2.93,95357.4,29802.5
2008-07-28,3.03,1240.22,3.38,54.9,3.03,135662.7,41584.5
2008-08-04,2.61,1071.0,2.92,47.4,2.61,114722.9,36362.4
2008-08-11,2.02,828.95,2.26,36.7,2.02,85499.7,31524.5
2008-08-18,2.01,823.6,2.24,36.4,2.01,75750.9,34111.4
2008-08-25,2.05,839.66,2.29,35.5,2.05,92240.7,39628.0
2008-09-01,1.85,758.27,2.07,32.0,1.85,48812.6,24034.6
2008-09-08,1.84,751.84,2.05,31.8,1.84,124643.4,59613.1
2008-09-15,1.78,728.28,1.98,30.8,1.78,56797.2,27951.2
2008-09-22,1.82,745.42,2.03,31.5,1.82,105745.1,56064.0
2008-09-29,1.73,707.93,1.93,29.9,1.73,136448.5,67952.6
2008-10-06,1.59,653.31,1.78,27.6,1.59,12235.0,6758.0
2008-10-13,1.39,567.63,1.55,24.0,1.39,37761.1,23175.9
2008-10-20,1.28,522.65,1.42,22.1,1.28,27989.3,19476.6
2008-10-27,1.16,475.52,1.3,21.7,1.16,35426.8,24749.3
2008-11-03,1.12,459.46,1.25,21.0,1.12,27380.6,20590.2
2008-11-10,1.32,541.93,1.48,24.7,1.32,55045.4,40460.6
2008-11-17,1.51,619.04,1.69,28.3,1.51,91830.5,58925.9
2008-11-24,1.49,610.47,1.66,27.9,1.49,150118.7,88263.9
2008-12-01,1.5,615.82,1.68,28.1,1.5,59110.0,35797.3
2008-12-08,1.76,719.71,1.96,32.8,1.76,127897.5,69975.9
2008-12-15,1.61,660.81,1.8,30.2,1.61,112252.9,60465.9
2008-12-22,1.81,742.2,2.02,33.9,1.81,137768.3,71322.6
2008-12-29,1.57,641.53,1.75,29.3,1.57,75794.3,41044.1
2009-01-05,1.62,705.79,1.92,32.2,1.62,39356.9,21484.1
2009-01-12,1.75,760.41,2.07,34.7,1.75,183444.0,90882.6
2009-01-19,1.72,748.63,2.04,34.2,1.72,138929.4,67323.6
2009-01-26,1.87,815.03,2.22,37.2,1.87,132429.1,61273.6
2009-02-02,1.94,841.81,2.29,38.4,1.94,26640.2,11801.6
2009-02-09,2.07,898.57,2.45,41.0,2.07,225344.1,94902.4
2009-02-16,2.28,990.67,2.7,45.2,2.28,272251.2,104460.6
2009-02-23,2.34,1017.45,2.77,46.4,2.34,248383.1,93717.6
2009-03-02,2.05,892.14,2.43,40.7,2.05,258898.9,96454.6
2009-03-09,2.33,1011.02,2.75,44.3,2.33,215025.5,81161.7
2009-03-16,2.28,992.82,2.7,43.5,2.28,262647.2,94169.6
2009-03-23,2.37,1030.3,2.81,45.2,2.37,194762.0,69566.1
2009-03-30,2.64,1147.04,3.12,50.3,2.64,333393.6,110342.4
2009-04-06,2.69,1169.53,3.19,51.3,2.69,173953.9,54051.4
2009-04-13,2.84,1235.93,3.37,54.2,2.84,225651.5,70710.7
2009-04-20,3.0,1304.48,3.55,57.2,3.0,257522.0,74137.8
2009-04-27,2.88,1252.0,3.41,54.9,2.88,380243.5,103851.8
2009-05-04,3.2,1391.23,3.79,61.0,3.2,216991.0,58856.7
2009-05-11,3.31,1438.35,3.92,72.8,3.31,424526.9,103687.6
2009-05-18,3.73,1622.56,4.42,82.1,3.73,405223.4,94662.3
2009-05-25,3.56,1549.95,4.22,78.5,3.56,303531.6,68115.5
2009-06-01,3.64,1580.8,4.31,80.0,3.64,119226.4,27858.0
2009-06-08,3.54,1540.95,4.2,78.0,3.54,327828.5,74878.8
2009-06-15,3.35,1456.13,3.97,73.7,3.35,181373.8,44945.2
2009-06-22,3.28,1427.86,3.89,72.3,3.28,126290.2,31910.1
2009-06-29,3.3,1433.0,3.9,72.5,3.3,126910.1,32278.3
2009-07-06,3.4,1477.98,4.03,74.8,3.4,191913.1,47740.7
2009-07-13,3.66,1589.79,4.33,80.5,3.66,376396.3,87851.9
2009-07-20,3.66,1589.79,4.33,80.5,3.66,337949.4,78279.3
2009-07-27,3.85,1674.62,4.56,84.8,3.85,428360.9,97728.1
2009-08-03,3.95,1717.03,4.68,86.9,3.95,531422.8,117824.0
2009-08-10,3.65,1587.22,4.32,80.4,3.65,394985.8,85821.4
2009-08-17,2.93,1273.63,3.47,64.5,2.93,145790.1,36159.7
2009-08-24,3.54,1540.95,4.2,63.8,3.54,208032.9,55365.2
2009-08-31,3.41,1483.12,4.04,61.4,3.41,440350.3,102343.2
2009-09-07,3.46,1503.68,4.1,62.2,3.46,177564.4,44601.8
2009-09-14,3.62,1573.08,4.29,65.1,3.62,174802.2,41361.2
2009-09-21,3.64,1583.37,4.31,65.5,3.64,295690.7,67929.9
2009-09-28,3.05,1326.33,3.61,54.9,3.05,114035.4,28464.0
2009-10-05,3.06,1331.47,3.63,55.1,3.06,37890.8,10258.8
2009-10-12,3.22,1398.3,3.81,57.9,3.22,30404.6,8007.4
2009-10-19,3.45,1499.83,4.09,62.1,3.45,117086.1,29447.2
2009-10-26,3.54,1539.67,4.19,50.6,3.54,165758.0,39830.8
2009-11-02,3.58,1557.66,4.24,51.2,3.58,136554.3,33431.7
2009-11-09,3.78,1642.49,4.47,54.0,3.78,267839.6,61275.7
2009-11-16,4.19,1819.84,4.96,59.8,4.19,492456.7,105385.5
2009-11-23,4.28,1860.97,5.07,61.2,4.28,241726.2,48534.8
2009-11-30,4.21,1831.41,4.99,60.2,4.21,438867.9,86623.6
2009-12-07,4.36,1895.67,5.16,62.3,4.36,423590.2,80899.5
2009-12-14,4.2,1827.55,4.98,60.1,4.2,191403.4,37502.0
2009-12-21,3.95,1717.03,4.68,56.5,3.95,117585.3,24329.8
2009-12-28,4.13,1796.71,4.89,59.1,4.13,116728.7,24472.1
2010-01-04,3.85,1795.43,4.89,59.0,3.85,99857.9,20592.9
2010-01-11,4.19,1952.22,5.32,64.2,4.19,392989.1,75968.0
2010-01-18,4.7,2192.55,5.97,72.1,4.7,495950.6,87183.4
2010-01-25,4.2,1958.65,5.34,64.4,4.2,263849.8,47394.2
2010-02-01,4.29,1999.77,5.45,65.7,4.29,181565.3,33661.8
2010-02-08,4.34,2024.19,5.51,66.6,4.34,182471.1,32973.3
2010-02-15,4.54,2114.15,5.76,69.5,4.54,133474.9,24088.2
2010-02-22,4.63,2159.14,5.88,71.0,4.63,68793.1,11780.6
2010-03-01,4.95,2308.22,6.29,75.9,4.95,327207.1,53493.3
2010-03-08,4.79,2233.68,6.09,73.0,4.79,272281.6,44360.4
2010-03-15,4.55,2120.58,5.78,69.3,4.55,95708.8,16290.5
2010-03-22,4.77,2223.4,6.06,72.7,4.77,112341.8,18911.7
2010-03-29,4.84,2258.1,6.15,73.8,4.84,164999.8,27327.7
2010-04-05,4.99,2326.21,6.34,76.1,4.99,247221.3,38780.3
2010-04-12,5.41,2524.13,6.88,82.5,5.41,403473.6,60761.8
2010-04-19,5.06,2359.63,6.43,77.2,5.06,274998.8,41381.4
2010-04-26,5.46,2547.27,6.94,83.3,5.46,250530.9,36595.5
2010-05-03,4.71,2197.05,5.99,44.0,4.71,116606.4,15827.4
2010-05-10,5.11,2380.83,6.49,47.7,5.11,156802.8,24767.9
2010-05-17,4.45,2073.41,5.65,41.6,4.45,173854.3,28343.9
2010-05-24,4.45,2075.08,5.65,41.6,4.45,135789.2,25265.7
2010-05-31,4.26,1988.2,5.42,39.8,4.26,155631.6,27789.4
2010-06-07,4.0,1862.9,5.08,37.3,4.0,104057.8,20219.1
2010-06-14,4.36,2031.64,5.53,40.7,4.36,159346.6,29470.0
2010-06-21,4.37,2038.33,5.55,40.9,4.37,102726.4,18967.0
2010-06-28,4.49,2091.79,5.7,41.9,4.49,234404.6,41156.5
2010-07-05,3.69,1719.21,4.68,34.5,3.69,110206.1,21918.8
2010-07-12,4.24,1974.84,5.38,39.6,4.24,200592.6,39738.2
2010-07-19,4.19,1953.12,5.32,39.1,4.19,146678.5,27980.6
2010-07-26,4.48,2088.45,5.69,41.9,4.48,291196.6,51773.3
2010-08-02,4.93,2297.3,6.26,46.0,4.93,338792.3,56565.5
2010-08-09,5.12,2385.85,6.5,47.8,5.12,320764.6,50500.4
2010-08-16,5.12,2385.85,6.5,47.8,5.12,361485.6,58006.8
2010-08-23,5.07,2365.8,6.45,47.4,5.07,353261.8,54237.9
2010-08-30,5.26,2452.68,6.68,73.1,5.26,267653.3,40995.7
2010-09-06,5.8,2703.29,7.36,80.5,5.8,539437.2,76742.6
2010-09-13,5.8,2703.29,7.36,80.5,5.8,,
2010-09-20,5.8,2703.29,7.36,80.5,5.8,,
2010-09-27,5.8,2703.29,7.36,80.5,5.8,,
2010-10-04,5.8,2703.29,7.36,80.5,5.8,,
2010-10-11,5.8,2703.29,7.36,80.5,5.8,,
2010-10-18,5.8,2703.29,7.36,80.5,5.8,,
2010-10-25,7.02,3271.34,8.91,97.5,7.02,3575.6,432.5
2010-11-01,11.3,5269.57,14.36,151.5,11.3,42799.8,3351.3
2010-11-08,15.06,7018.86,19.12,201.8,15.06,4963336.0,271488.4
2010-11-15,14.05,6549.38,17.84,188.3,14.05,3056952.0,161928.3
2010-11-22,13.78,6424.07,17.5,184.7,13.78,2267121.0,127998.7
2010-11-29,13.87,6467.51,17.62,185.9,13.87,2170865.0,131091.1
2010-12-06,12.44,5799.2,15.8,166.7,12.44,920208.2,55163.0
2010-12-13,13.6,6338.86,17.27,182.2,13.6,782869.7,46929.5
2010-12-20,13.52,6300.43,17.16,181.1,13.52,1465668.0,84204.2
2010-12-27,11.49,5354.79,14.59,153.9,11.49,1076033.0,65280.7
2011-01-03,10.85,5436.65,14.81,156.3,10.85,793763.8,55848.9
2011-01-10,11.59,5807.56,15.82,167.0,11.59,1700680.0,107002.3
2011-01-17,10.26,5137.59,14.0,147.7,10.26,672769.1,45221.2
2011-01-24,9.26,4639.7,12.64,133.4,9.26,612692.3,44152.3
2011-01-31,9.22,4619.65,12.59,132.8,9.22,873005.6,72823.8
2011-02-07,9.15,4582.89,12.49,131.7,9.15,68561.3,5484.4
2011-02-14,9.8,4910.36,13.38,141.2,9.8,394051.3,29787.7
2011-02-21,10.83,5424.95,14.78,156.0,10.83,771040.7,55216.7
2011-02-28,10.44,5229.48,14.25,150.3,10.44,545079.5,38067.0
2011-03-07,10.42,5219.45,14.22,148.4,10.42,412495.2,29622.6
2011-03-14,10.1,5060.73,13.79,143.9,10.1,458108.5,32009.7
2011-03-21,9.67,4845.2,13.2,137.8,9.67,293728.8,21729.6
2011-03-28,10.07,5045.7,13.75,143.5,10.07,387265.7,28155.6
2011-04-04,9.82,4920.39,13.4,139.9,9.82,308147.6,22411.8
2011-04-11,9.32,4668.1,12.72,132.7,9.32,248139.8,19229.3
2011-04-18,9.35,4681.46,12.75,133.1,9.35,487509.6,39474.4
2011-04-25,9.67,4843.53,13.2,137.7,9.67,476639.2,36660.2
2011-05-02,8.91,4460.93,12.15,126.9,8.91,195247.0,16047.0
2011-05-09,9.37,4694.83,12.79,133.5,9.37,288153.0,22499.8
2011-05-16,8.77,4390.76,11.96,119.0,8.77,304409.0,24768.7
2011-05-23,8.57,4291.84,11.69,116.4,8.57,125087.7,10575.6
2011-05-30,7.51,3759.71,10.24,101.9,7.51,162559.8,14827.0
2011-06-06,8.24,4126.77,11.24,111.9,8.24,366709.2,35008.7
2011-06-13,8.75,4383.07,11.94,118.8,8.75,409940.3,35003.0
2011-06-20,8.52,4270.12,11.63,115.8,8.52,383715.3,31853.7
2011-06-27,9.19,4604.61,12.54,124.8,9.19,344958.4,29105.0
2011-07-04,9.24,4630.67,12.62,125.6,9.24,332410.6,26521.1
2011-07-11,9.31,4665.43,12.71,126.5,9.31,406484.4,31561.7
2011-07-18,9.99,5004.25,13.63,135.7,9.99,477556.5,36707.2
2011-07-25,10.39,5206.25,14.18,141.2,10.39,959579.4,67675.7
2011-08-01,9.82,4917.38,13.4,133.3,9.82,1112591.0,77127.3
2011-08-08,10.3,5160.64,14.06,129.9,10.3,1160772.0,81055.4
2011-08-15,11.44,5729.7,15.61,144.2,11.44,1695366.0,111414.1
2011-08-22,10.28,5151.95,14.04,129.7,10.28,688324.6,46769.6
2011-08-29,10.45,5236.66,14.27,131.8,10.45,720695.1,49058.5
2011-09-05,9.42,4719.72,12.86,118.8,9.42,512454.2,37251.5
2011-09-12,8.82,4419.99,12.04,111.3,8.82,332607.4,27062.9
2011-09-19,8.37,4191.93,11.42,105.5,8.37,303201.7,25939.6
2011-09-26,8.69,4354.83,11.86,109.6,8.69,445563.1,36801.0
2011-10-03,7.72,3868.31,10.54,97.4,7.72,239943.8,21180.7
2011-10-10,7.59,3800.98,10.36,95.7,7.59,34263.4,3247.4
2011-10-17,8.22,4118.08,11.22,103.7,8.22,221053.3,20062.3
2011-10-24,7.47,3742.33,10.2,94.2,7.47,135425.8,12996.9
2011-10-31,8.11,4061.61,11.07,99.3,8.11,261459.1,24337.5
2011-11-07,8.36,4187.59,11.41,102.3,8.36,488720.9,44100.8
2011-11-14,8.3,4159.35,11.33,101.6,8.3,375623.6,32790.2
2011-11-21,7.84,3926.95,10.7,96.0,7.84,270569.8,24362.1
2011-11-28,8.42,4220.16,11.5,103.1,8.42,250516.6,22357.9
2011-12-05,7.48,3744.5,10.2,91.5,7.48,281768.8,25350.7
2011-12-12,7.61,3811.83,10.38,93.2,7.61,120299.9,11642.4
2011-12-19,7.17,3590.29,9.78,87.7,7.17,111280.9,11601.5
2011-12-26,6.69,3353.55,9.14,82.0,6.69,88219.7,9529.6
2012-01-02,0.82,3238.43,8.82,79.1,2.09,64220.8,7360.7
2012-01-09,0.76,2975.62,8.11,72.7,1.92,105624.6,13054.1
2012-01-16,0.73,2856.16,7.78,69.8,1.84,133975.3,15897.3
2012-01-23,0.79,3090.74,8.42,75.5,1.99,124690.0,15154.9
2012-01-30,0.78,3055.98,8.33,74.7,1.97,17768.0,2115.0
2012-02-06,0.79,3121.14,8.5,76.3,2.01,236680.6,28117.3
2012-02-13,0.86,3386.13,9.22,82.7,2.18,583460.6,65103.3
2012-02-20,0.9,3531.65,9.62,86.3,2.28,401777.8,42731.2
2012-02-27,0.94,3683.69,10.04,90.0,2.38,374381.6,37536.8
2012-03-05,1.01,3985.59,10.86,100.2,2.57,604053.8,57904.9
2012-03-12,1.04,4089.85,11.14,102.9,2.64,653206.4,58646.6
2012-03-19,0.99,3898.72,10.62,98.1,2.52,515383.5,47887.0
2012-03-26,0.93,3668.49,9.99,92.3,2.37,209470.3,20677.1
2012-04-02,0.85,3340.52,9.1,84.0,2.16,224039.2,23669.1
2012-04-09,0.9,3525.13,9.6,88.7,2.27,101738.8,10725.6
2012-04-16,0.94,3713.01,10.12,93.4,2.4,206507.8,20629.3
2012-04-23,1.01,3967.13,10.81,99.8,2.56,370279.9,36212.1
2012-04-30,0.99,3888.07,10.59,97.8,2.51,343580.1,32865.3
2012-05-07,1.01,3989.72,10.87,95.7,2.57,293675.3,27641.3
2012-05-14,0.96,3769.48,10.27,90.4,2.43,281828.3,26292.3
2012-05-21,0.91,3563.36,9.71,85.5,2.3,154242.5,15418.6
2012-05-28,0.95,3732.78,10.17,89.6,2.41,189074.8,18763.9
2012-06-04,0.93,3653.72,9.95,87.7,2.36,260410.6,25802.1
2012-06-11,0.97,3797.72,10.35,91.1,2.45,290015.3,28351.2
2012-06-18,0.93,3653.72,9.95,87.7,2.36,212672.8,20848.7
2012-06-25,0.86,3385.48,9.22,81.2,2.18,169448.8,17542.9
2012-07-02,0.87,3422.18,9.32,82.1,2.21,228182.3,25056.1
2012-07-09,0.84,3289.47,8.96,78.9,2.12,164505.1,17744.6
2012-07-16,0.78,3066.41,8.35,73.6,1.98,136156.3,15601.2
2012-07-23,0.78,3072.06,8.37,73.7,1.98,111949.5,13132.6
2012-07-30,0.75,2942.17,8.02,70.6,1.9,91265.7,11078.7
2012-08-06,0.77,3012.76,8.21,72.3,1.94,100293.4,12597.8
2012-08-13,0.82,3233.0,8.81,84.1,2.09,229066.3,26258.6
2012-08-20,0.86,3396.77,9.25,88.3,2.19,277278.8,30407.9
2012-08-27,0.86,3396.77,9.25,88.3,2.19,297232.1,30572.9
2012-09-03,0.93,3667.83,9.99,95.4,2.37,263848.2,26891.8
2012-09-10,0.93,3659.36,9.97,95.2,2.36,98094.3,9917.3
2012-09-17,1.02,4026.43,10.97,104.7,2.6,343842.8,31379.9
2012-09-24,0.83,3244.3,8.84,84.4,2.09,755299.3,77322.4
2012-10-01,0.81,3201.94,8.72,83.3,2.07,208518.7,24043.4
2012-10-08,0.83,3255.59,8.87,84.7,2.1,42974.1,4855.6
2012-10-15,0.81,3190.65,8.69,83.0,2.06,255433.3,28225.6
2012-10-22,0.82,3227.36,8.79,83.9,2.08,137119.6,15482.8
2012-10-29,0.79,3114.41,8.48,81.0,2.01,118419.1,13760.9
2012-11-05,0.83,3247.12,8.85,87.1,2.1,205107.1,23626.9
2012-11-12,0.81,3176.53,8.65,85.2,2.05,125933.2,14596.6
2012-11-19,0.73,2871.58,7.82,77.0,1.85,115976.1,14245.2
2012-11-26,0.75,2933.7,7.99,78.7,1.89,105326.3,13191.0
2012-12-03,0.65,2541.23,6.92,68.2,1.64,86081.2,11647.6
2012-12-10,0.72,2812.29,7.66,75.5,1.81,112883.8,15318.2
2012-12-17,0.73,2857.47,7.78,76.7,1.84,150779.9,19775.4
2012-12-24,0.74,2922.41,7.96,78.4,1.89,155375.0,19761.7
2012-12-31,2.07,8144.17,8.75,86.1,2.07,319762.6,37988.9
2013-01-07,2.03,8810.32,9.46,93.2,2.03,156748.4,17423.1
2013-01-14,2.7,11696.94,12.56,123.7,2.7,2609767.0,231885.4
2013-01-21,2.45,10615.36,11.4,112.3,2.45,1902981.0,159132.3
2013-01-28,2.43,10515.08,11.29,111.2,2.43,1185660.0,104543.5
2013-02-04,2.41,10436.29,11.21,110.4,2.41,1010846.0,86904.0
2013-02-11,2.53,10966.34,11.78,116.0,2.53,554618.3,48598.2
2013-02-18,2.53,10959.18,11.77,115.9,2.53,138178.3,11783.8
2013-02-25,2.7,11704.11,12.57,123.8,2.7,998746.9,82070.0
2013-03-04,2.77,12012.11,12.9,127.0,2.77,1599218.0,120795.1
2013-03-11,2.76,11961.97,12.85,126.5,2.76,831959.2,66110.8
2013-03-18,2.52,10909.04,11.72,115.4,2.52,488792.3,40698.4
2013-03-25,2.58,11188.39,12.02,118.3,2.58,410778.2,33997.2
2013-04-01,2.44,10565.22,11.35,111.7,2.44,289672.3,24706.1
2013-04-08,2.44,10565.22,11.35,111.7,2.44,,
2013-04-15,2.44,10565.22,11.35,111.7,2.44,,
2013-04-22,2.44,10565.22,11.35,28.0,2.44,,
2013-04-29,2.22,9619.72,10.33,25.5,2.22,426055.3,38479.0
2013-05-06,2.32,10042.33,10.78,26.6,2.32,154215.6,14779.2
2013-05-13,2.47,10694.15,11.48,28.3,2.47,296584.5,26721.5
2013-05-20,2.56,11080.95,11.9,29.3,2.56,391350.0,34242.6
2013-05-27,2.56,11102.43,11.92,29.4,2.56,517184.4,43169.9
2013-06-03,2.65,11474.89,12.32,30.4,2.65,767099.4,61887.7
2013-06-10,2.37,10278.7,11.04,27.2,2.37,296885.1,25498.6
2013-06-17,2.39,10371.82,11.14,27.4,2.39,166208.3,15287.2
2013-06-24,2.01,8724.36,9.37,23.1,2.01,253288.4,24518.7
2013-07-01,2.09,9053.86,9.72,24.0,2.09,236009.0,25301.1
2013-07-08,2.05,8860.46,9.52,23.4,2.05,367602.7,35651.6
2013-07-15,2.22,9619.72,10.33,25.5,2.22,189395.9,18806.2
2013-07-22,2.18,9433.48,10.13,18.2,2.18,238011.1,23000.0
2013-07-29,2.16,9347.53,10.04,18.0,2.16,252524.3,24178.8
2013-08-05,2.25,9741.49,10.46,18.8,2.25,218912.7,21482.6
2013-08-12,2.31,10028.0,10.77,19.3,2.31,394758.0,37232.1
2013-08-19,2.21,9591.07,10.3,18.5,2.21,255505.0,24338.6
2013-08-26,2.25,9762.98,10.48,18.8,2.25,169007.1,16381.4
2013-09-02,2.35,10192.75,10.95,19.6,2.35,597966.5,54739.7
2013-09-09,2.55,11037.97,11.85,21.2,2.55,746406.6,65550.1
2013-09-16,2.36,10228.57,10.98,19.7,2.36,577809.2,51482.5
2013-09-23,2.36,10207.08,10.96,19.6,2.36,219855.3,20316.3
2013-09-30,2.34,10128.29,10.88,19.5,2.34,512807.4,46251.0
2013-10-07,2.34,10128.29,10.88,19.5,2.34,,
2013-10-14,2.34,10121.12,10.87,19.5,2.34,368153.3,33737.3
2013-10-21,2.3,9949.21,10.68,19.2,2.3,287137.1,27270.7
2013-10-28,2.2,9526.6,10.23,15.6,2.2,189224.8,17979.2
2013-11-04,2.15,9311.72,10.0,15.3,2.15,106898.9,10722.2
2013-11-11,2.08,9010.88,9.68,14.8,2.08,113588.2,11481.0
2013-11-18,2.44,10565.22,11.35,17.3,2.44,594578.3,54539.4
2013-11-25,2.52,10930.52,11.74,17.9,2.52,1002636.0,84609.3
2013-12-02,2.42,10479.26,11.25,17.2,2.42,825286.3,68426.2
2013-12-09,2.77,11983.46,12.87,19.7,2.77,594343.3,49070.5
2013-12-16,2.57,11152.57,11.98,18.3,2.57,798873.0,63220.7
2013-12-23,2.66,11510.71,12.36,18.9,2.66,342829.0,28508.6
2013-12-30,2.64,11453.41,12.3,18.8,2.64,421840.9,34440.3
2014-01-06,2.41,11245.69,12.08,18.4,2.41,299785.6,24503.6
2014-01-13,2.27,10572.38,11.35,17.3,2.27,330143.0,27547.5
2014-01-20,2.33,10858.89,11.66,17.8,2.33,248488.2,21180.6
2014-01-27,2.48,11568.02,12.42,19.0,2.48,415272.4,33674.0
2014-02-03,2.58,12047.93,12.94,19.8,2.58,254461.0,19985.6
2014-02-10,2.71,12628.11,13.56,20.7,2.71,332956.6,24821.2
2014-02-17,2.7,12606.63,13.54,20.7,2.7,685301.3,52340.4
2014-02-24,2.66,12391.74,13.31,20.3,2.66,661000.0,49895.6
2014-03-03,2.53,11818.72,12.69,19.4,2.53,502981.2,39507.0
2014-03-10,2.32,10837.41,11.64,17.8,2.32,448259.1,35597.8
2014-03-17,2.39,11145.41,11.97,18.3,2.39,187910.8,16002.0
2014-03-24,2.31,10780.11,11.58,17.7,2.31,196535.3,16793.1
2014-03-31,2.21,10328.84,11.09,16.9,2.21,149015.7,13066.4
2014-04-07,2.3,10744.29,11.54,17.6,2.3,73069.7,6460.9
2014-04-14,2.34,10930.52,11.74,17.9,2.34,188567.1,15967.1
2014-04-21,2.16,10085.31,10.83,24.1,2.16,266099.0,23710.1
2014-04-28,2.11,9856.09,10.58,23.5,2.11,163255.8,15177.9
2014-05-05,2.16,10078.14,10.82,24.1,2.16,53520.8,5043.5
2014-05-12,2.2,10271.54,11.03,24.5,2.2,105448.7,9592.6
2014-05-19,2.25,10522.24,11.3,25.1,2.25,266510.3,23006.8
2014-05-26,2.16,10099.63,10.85,24.1,2.16,191429.2,17409.8
2014-06-02,2.16,10085.31,10.83,24.1,2.16,134271.3,12388.8
2014-06-09,2.09,9770.14,10.49,23.3,2.09,117963.3,11060.7
2014-06-16,2.17,10128.29,10.88,24.2,2.17,135314.7,12633.6
2014-06-23,2.1,9820.28,10.55,23.5,2.1,113809.3,10785.9
2014-06-30,2.27,10608.2,11.39,25.3,2.27,227677.3,20490.9
2014-07-07,2.38,11095.27,11.92,26.5,2.38,455448.1,38775.7
2014-07-14,2.45,11431.92,12.28,27.3,2.45,649579.8,53078.6
2014-07-21,2.39,11138.25,11.96,26.6,2.39,420814.4,35143.2
2014-07-28,2.37,11059.46,11.88,26.4,2.37,286383.9,24493.0
2014-08-04,2.47,11525.04,12.38,27.5,2.47,512990.4,42217.9
2014-08-11,2.52,11747.09,12.62,28.1,2.52,511518.3,41126.5
2014-08-18,2.47,11532.2,12.38,28.8,2.47,381809.5,30806.6
2014-08-25,2.62,12234.16,13.14,30.6,2.62,940159.6,71972.5
2014-09-01,2.89,13501.98,14.5,33.7,2.89,1184807.0,85716.4
2014-09-08,3.05,14239.76,15.29,35.6,3.05,1617534.0,105767.1
2014-09-15,3.41,15923.04,17.1,39.8,3.41,1696355.0,104717.6
2014-09-22,3.19,14898.74,16.0,37.2,3.19,1539733.0,95889.4
2014-09-29,3.42,15958.86,17.14,39.9,3.42,1616345.0,95445.8
2014-10-06,3.4,15865.73,17.04,39.6,3.4,233777.1,13665.1
2014-10-13,3.4,15865.73,17.04,39.6,3.4,,
2014-10-20,3.4,15865.73,17.04,39.6,3.4,,
2014-10-27,3.4,15865.73,17.04,39.6,3.4,,
2014-11-03,3.4,15865.73,17.04,41.5,3.4,,
2014-11-10,3.4,15865.73,17.04,41.5,3.4,,
2014-11-17,3.4,15865.73,17.04,41.5,3.4,,
2014-11-24,3.4,15865.73,17.04,41.5,3.4,,
2014-12-01,3.22,15027.68,16.14,39.3,3.22,2082992.0,122698.0
2014-12-08,4.08,19053.21,20.46,49.9,4.08,2657943.0,148895.8
2014-12-15,3.67,17140.72,18.41,44.9,3.67,2293665.0,118453.6
2014-12-22,3.37,15743.96,16.91,41.2,3.37,1234922.0,68620.6
2014-12-29,3.94,18408.55,19.77,48.2,3.94,1686926.0,91232.3
2015-01-05,3.72,17362.78,18.65,45.4,3.72,774667.5,41048.1
2015-01-12,3.42,15958.86,17.14,41.8,3.42,1434902.0,78004.8
2015-01-19,3.48,16259.69,17.46,42.5,3.48,1014380.0,56069.0
2015-01-26,3.97,18508.83,19.88,48.4,3.97,2065488.0,106707.3
2015-02-02,3.85,17957.3,19.28,47.0,3.85,1195386.0,59429.9
2015-02-09,3.77,17584.82,18.88,46.0,3.77,758722.9,39031.1
2015-02-16,3.91,18229.48,19.58,47.7,3.91,647894.5,33799.0
2015-02-23,3.89,18157.86,19.5,47.5,3.89,115182.9,5899.2
2015-03-02,4.02,18773.86,20.16,49.1,4.02,796015.3,40421.3
2015-03-09,4.16,19404.19,20.84,50.8,4.16,1604927.0,76173.4
2015-03-16,4.28,19955.73,21.43,52.2,4.28,839542.6,40646.6
2015-03-23,4.27,19948.57,21.42,52.2,4.27,1335124.0,62038.2
2015-03-30,4.44,20714.99,22.25,54.2,4.44,2135994.0,96606.6
2015-04-06,4.91,22921.16,24.62,60.0,4.91,1671571.0,72606.5
2015-04-13,4.87,22749.24,24.43,59.5,4.87,1969296.0,81781.1
2015-04-20,4.63,21596.02,23.19,64.5,4.63,2162624.0,91152.4
2015-04-27,5.19,24210.47,26.0,72.4,5.19,2631792.0,105605.7
2015-05-04,5.02,23415.39,25.15,70.0,5.02,1489928.0,60118.1
2015-05-11,4.95,23107.39,24.82,69.1,4.95,1662256.0,68970.9
2015-05-18,5.4,25198.94,27.06,75.3,5.4,2418413.0,92600.0
2015-05-25,6.61,30836.12,33.12,92.2,6.61,2694301.0,88972.5
2015-06-01,6.57,30671.38,32.94,91.7,6.57,3873086.0,114032.1
2015-06-08,6.1,28479.54,30.58,85.1,6.1,2899280.0,91355.3
2015-06-15,6.82,31838.92,34.19,95.2,6.82,2751504.0,83754.8
2015-06-22,5.91,27590.63,29.63,82.5,5.91,1425648.0,45463.3
2015-06-29,5.42,25272.0,27.14,75.5,5.42,2899542.0,92434.2
2015-07-06,3.65,17012.52,18.27,50.8,3.65,2392569.0,103153.4
2015-07-13,4.32,20178.5,21.67,60.3,4.32,1905085.0,115606.3
2015-07-20,5.7,26603.59,28.57,79.5,5.7,3206155.0,129253.9
2015-07-27,5.82,27152.98,29.16,81.2,5.82,5289056.0,170496.3
2015-08-03,5.33,24890.23,26.73,74.4,5.33,4573862.0,152356.4
2015-08-10,7.17,33438.39,35.91,99.9,7.17,6971125.0,214054.7
2015-08-17,6.97,32544.46,34.95,97.3,6.97,1495855.0,42690.1
2015-08-24,5.02,23437.6,25.17,70.1,5.02,3097628.0,97359.0
2015-08-31,4.95,23111.7,24.82,105.3,4.95,2810678.0,124018.9
2015-09-07,3.72,17357.05,18.64,79.1,3.72,1815997.0,88734.3
2015-09-14,3.34,15597.13,16.75,71.1,3.34,3373816.0,183003.3
2015-09-21,3.57,16677.29,17.91,76.0,3.57,1968983.0,119300.1
2015-09-28,3.69,17226.68,18.5,78.5,3.69,2594764.0,137859.5
2015-10-05,3.84,17925.06,19.25,81.7,3.84,813060.1,43823.0
2015-10-12,4.25,19852.59,21.32,90.5,4.25,1942590.0,93458.9
2015-10-19,4.25,19852.59,21.32,90.5,4.25,2457780.0,114767.1
2015-10-26,4.25,19833.96,21.3,90.4,4.25,2664644.0,127764.2
2015-11-02,4.28,19964.33,21.44,59.2,4.28,3655194.0,161560.4
2015-11-09,4.69,21873.24,23.49,64.9,4.69,2893418.0,127469.6
2015-11-16,4.64,21640.45,23.24,64.2,4.64,2572051.0,108866.8
2015-11-23,4.88,22795.09,24.48,67.6,4.88,3151342.0,130081.9
2015-11-30,4.34,20262.3,21.76,60.1,4.34,2815030.0,118626.2
2015-12-07,4.48,20904.81,22.45,62.0,4.48,1401183.0,63122.7
2015-12-14,4.23,19722.22,21.18,58.5,4.23,1165238.0,54947.2
2015-12-21,4.54,21184.16,22.75,62.8,4.54,1434894.0,65416.1
2015-12-28,4.36,20336.79,21.84,60.3,4.36,1163170.0,51689.2
2016-01-04,4.27,19927.08,21.4,59.1,4.27,1162293.0,51123.1
2016-01-11,4.09,19107.65,20.52,56.7,4.09,2262630.0,101138.8
2016-01-18,3.77,17571.21,18.87,52.1,3.77,1289179.0,69748.8
2016-01-25,3.75,17487.41,18.78,51.9,3.75,970572.6,50840.8
2016-02-01,3.39,15801.99,16.97,46.9,3.39,802938.1,46499.0
2016-02-08,3.76,17524.66,18.82,52.0,3.76,811678.0,43619.9
2016-02-15,3.84,17925.06,19.25,53.2,3.84,145405.3,7616.0
2016-02-22,4.03,18818.99,20.21,55.8,4.03,1037933.0,51353.6
2016-02-29,3.67,17124.25,18.39,50.8,3.67,832920.8,44137.5
2016-03-07,3.87,18036.8,19.37,53.5,3.87,976002.3,50922.6
2016-03-14,3.67,17133.56,18.4,50.8,3.67,621767.8,33564.5
2016-03-21,4.54,21170.66,19.8,54.7,3.95,845866.9,44644.1
2016-03-28,4.49,20967.5,19.61,54.2,3.91,1297110.0,63920.7
2016-04-04,4.42,20625.34,19.29,53.3,3.85,691261.1,35595.1
